Date=Thu Dec 22 14:37:31 2016:
Post_process=False
Seed=43212
Rotate_images=False
F1-score_threshs_validation=[]
Conv_arch=[1, 1]
Keep_dropout=0.8
Img_border=16
Epoch_stop=100
Fc_depth=[512]
Fc_arch=1
Batch_size=64
Nbr_rotated_img=100
Accuracy_training=[0.49984580592105265, 0.83110608552631582, 0.89802631578947367, 0.93698601973684215, 0.90738075657894735, 0.97029194078947367, 0.96237664473684215, 0.97692228618421051, 0.98787006578947367, 0.98653371710526316, 0.97538034539473684, 0.98684210526315785, 0.9814453125, 0.98627672697368418, 0.98941200657894735, 0.97866981907894735, 0.97723067434210531, 0.98853824013157898, 0.99347245065789469, 0.99049136513157898, 0.99629934210526316, 0.99085115131578949, 0.99367804276315785, 0.99455180921052633, 0.99593955592105265, 0.99244449013157898, 0.99162212171052633, 0.99460320723684215, 0.99506578947368418, 0.99054276315789469, 0.99614514802631582, 0.99295847039473684, 0.99331825657894735, 0.99455180921052633, 0.98843544407894735, 0.99640213815789469, 0.99521998355263153, 0.99336965460526316, 0.99830386513157898, 0.99691611842105265, 0.99588815789473684, 0.99737870065789469, 0.99599095394736847, 0.99475740131578949, 0.98776726973684215, 0.99588815789473684, 0.99563116776315785, 0.98972039473684215, 0.99773848684210531, 0.99753289473684215, 0.99583675986842102, 0.99537417763157898, 0.99640213815789469, 0.99758429276315785, 0.99126233552631582, 0.99352384868421051, 0.99701891447368418, 0.99655633223684215, 0.99583675986842102, 0.99115953947368418, 0.99265008223684215, 0.99126233552631582, 0.99486019736842102, 0.99753289473684215, 0.99727590460526316, 0.99496299342105265, 0.99876644736842102, 0.99866365131578949, 0.99609375, 0.99696751644736847, 0.99835526315789469, 0.99789268092105265, 0.99717310855263153, 0.99825246710526316, 0.99624794407894735, 0.99655633223684215, 0.99681332236842102, 0.99845805921052633, 0.99856085526315785, 0.99840666118421051, 0.99676192434210531, 0.99686472039473684, 0.99743009868421051, 0.99907483552631582, 0.99588815789473684, 0.99773848684210531, 0.99398643092105265, 0.99825246710526316, 0.99840666118421051, 0.99434621710526316, 0.99563116776315785, 0.99285567434210531, 0.99778988486842102, 0.99737870065789469, 0.99691611842105265, 0.99969161184210531, 0.99773848684210531, 0.99778988486842102, 0.99820106907894735, 0.99809827302631582]
Theta_thresh=0.01
Validation_val_perc=0.2
Validation_test_perc=0.2
Loss_taining=[11.578644, 4.5397329, 2.9169712, 1.963841, 1.4718988, 1.0076771, 0.76942289, 0.55372977, 0.49362263, 0.439816, 0.31812885, 0.28110066, 0.27676499, 0.27144212, 0.28753188, 0.23832235, 0.25677657, 0.21131645, 0.21106315, 0.22275193, 0.18999577, 0.23706907, 0.20426542, 0.16866878, 0.19173484, 0.28027809, 0.2580241, 0.18056159, 0.24848947, 0.27326757, 0.17718919, 0.16151974, 0.19783217, 0.19640762, 0.18840218, 0.17722183, 0.20118754, 0.1530146, 0.17415042, 0.17158546, 0.14576343, 0.20678686, 0.14423706, 0.14625032, 0.20894971, 0.14395455, 0.15682673, 0.16270196, 0.19998369, 0.17507625, 0.14529088, 0.16182971, 0.16982892, 0.14915678, 0.17568313, 0.15039404, 0.15683545, 0.16323221, 0.16593783, 0.18247589, 0.1463076, 0.13547844, 0.24661157, 0.13493872, 0.18804197, 0.14941959, 0.15470563, 0.12900391, 0.17093393, 0.14166518, 0.16926134, 0.17118156, 0.14493144, 0.13024026, 0.13432495, 0.13738133, 0.14355296, 0.14949694, 0.16717421, 0.19556363, 0.13783817, 0.14595273, 0.1302615, 0.12895492, 0.1293806, 0.13536792, 0.15314542, 0.12667014, 0.12670559, 0.16676287, 0.15474172, 0.13576664, 0.15430269, 0.15020049, 0.15973981, 0.12962963, 0.13267086, 0.14296409, 0.14748187, 0.13341376]
F1-score_validation=[]
Accuracy_test=0.894132653061
Validation_train_perc=0.6
Conv_depth=[32, 64, 128, 256]
Accuracy_validation=[0.25637755102040816, 0.83123405612244894, 0.85108418367346939, 0.84837372448979587, 0.87627551020408168, 0.8532366071428571, 0.83498086734693877, 0.87404336734693877, 0.8744419642857143, 0.87093431122448983, 0.88440688775510201, 0.86854272959183676, 0.8169642857142857, 0.86431760204081631, 0.87404336734693877, 0.87818877551020413, 0.88767538265306123, 0.86798469387755106, 0.87300701530612246, 0.86144770408163263, 0.87069515306122447, 0.88050063775510201, 0.87691326530612246, 0.87404336734693877, 0.86208545918367352, 0.85299744897959184, 0.87340561224489799, 0.84837372448979587, 0.87547831632653061, 0.84327168367346939, 0.87149234693877553, 0.84064094387755106, 0.8582589285714286, 0.86073022959183676, 0.82621173469387754, 0.88209502551020413, 0.87213010204081631, 0.87595663265306123, 0.86240433673469385, 0.87428252551020413, 0.88416772959183676, 0.86575255102040816, 0.86073022959183676, 0.8688616071428571, 0.87978316326530615, 0.88273278061224492, 0.85164221938775508, 0.82764668367346939, 0.86918048469387754, 0.87133290816326525, 0.8699776785714286, 0.87484056122448983, 0.88050063775510201, 0.8738839285714286, 0.84741709183673475, 0.8381696428571429, 0.86710778061224492, 0.86144770408163263, 0.87539859693877553, 0.84972895408163263, 0.89381377551020413, 0.83840880102040816, 0.86814413265306123, 0.86096938775510201, 0.88711734693877553, 0.87635522959183676, 0.87986288265306123, 0.8883928571428571, 0.88129783163265307, 0.87914540816326525, 0.88209502551020413, 0.88663903061224492, 0.85913584183673475, 0.88958864795918369, 0.88552295918367352, 0.87189094387755106, 0.85530931122448983, 0.88536352040816324, 0.88105867346938771, 0.88289221938775508, 0.84917091836734693, 0.88639987244897955, 0.87173150510204078, 0.88073979591836737, 0.85371492346938771, 0.88496492346938771, 0.8666294642857143, 0.8794642857142857, 0.88313137755102045, 0.85794005102040816, 0.84454719387755106, 0.88847257653061229, 0.88257334183673475, 0.86846301020408168, 0.85148278061224492, 0.8805803571428571, 0.86894132653061229, 0.88592155612244894, 0.87683354591836737, 0.88289221938775508, 0.87627551020408168]
Training_size=100
Num_epoch=100
F1-score_test=0.798999411418
Filter size=3
################################################################################

Date=Thu Dec 22 14:42:12 2016:
Keep_dropout=0.8
Batch_size=64
Accuracy_test=0.894132653061
Seed=43212
Accuracy_validation=[0.87627551020408168]
Img_border=16
Filter size=3
Conv_arch=[1, 1]
Epoch_stop=0
Fc_depth=[512]
Loss_taining=[]
Post_process=False
F1-score_validation=[[0.41138717671729047, 0.77652013687812582, 0.78988380041011619, 0.79612740283429217, 0.80183802412406657, 0.80386416861826704, 0.80437387657279802, 0.80344774511312911, 0.79846816658688369, 0], [0.80386416861826704, 0.80482069370958254, 0.80549401860877268, 0.80533728687916972, 0.80394206361057186, 0.80457005411906202, 0.80429522081064742, 0.8037724368725282, 0.80324109463384807, 0.80344774511312911]]
Num_epoch=100
Rotate_images=False
Validation_train_perc=0.6
Theta_thresh=0.01
F1-score_test=0.800718132855
Validation_test_perc=0.2
Validation_val_perc=0.2
Training_size=100
F1-score_threshs_validation=[[0.0, 0.1111111111111111, 0.22222222222222221, 0.33333333333333331, 0.44444444444444442, 0.55555555555555558, 0.66666666666666663, 0.77777777777777768, 0.88888888888888884, 1.0], [0.55555555555555558, 0.58024691358024694, 0.60493827160493829, 0.62962962962962965, 0.65432098765432101, 0.67901234567901225, 0.70370370370370361, 0.72839506172839497, 0.75308641975308632, 0.77777777777777768]]
Nbr_rotated_img=100
Conv_depth=[32, 64, 128, 256]
Accuracy_training=[]
Fc_arch=1
################################################################################

Date=Thu Dec 22 14:52:33 2016:
Num_epoch=100
Img_border=16
Loss_taining=[11.461678, 2.9651341, 1.522207, 0.97811192, 0.57865006, 0.39981174, 0.40213382, 0.29284465, 0.3696093, 0.3120535, 0.28000253, 0.25138068, 0.25188583, 0.30988377, 0.22514385, 0.24576741, 0.24941435, 0.25320038, 0.22249234, 0.22749922, 0.23688887, 0.25277203, 0.22785631, 0.26183096, 0.24294613, 0.24295954, 0.31210488, 0.20940578, 0.23818374, 0.25054535, 0.24313727, 0.20954645]
Conv_depth=[32, 64, 128, 256]
Seed=43212
F1-score_test=0.783053783763
F1-score_threshs_validation=[[0.0, 0.1111111111111111, 0.22222222222222221, 0.33333333333333331, 0.44444444444444442, 0.55555555555555558, 0.66666666666666663, 0.77777777777777768, 0.88888888888888884, 1.0], [0.66666666666666663, 0.69135802469135799, 0.71604938271604934, 0.7407407407407407, 0.76543209876543206, 0.79012345679012341, 0.81481481481481477, 0.83950617283950613, 0.86419753086419748, 0.88888888888888884]]
Batch_size=64
Fc_arch=1
Validation_test_perc=0.2
Post_process=False
F1-score_validation=[[0.40520540954325074, 0.72403451863639134, 0.74693033475507309, 0.75921326441565418, 0.76877333702115891, 0.7733541874022466, 0.77879982479194032, 0.77905221853305162, 0.77694551762201369, 0], [0.77879982479194032, 0.77871683692217242, 0.77815649081209248, 0.77895522388059724, 0.77924812030075186, 0.77844311377245512, 0.77836431795577998, 0.77933909820877079, 0.77890308507323147, 0.77694551762201369]]
Filter size=3
Accuracy_training=[0.49933679966044142, 0.82825764006791169, 0.87168399830220711, 0.89876910016977929, 0.89654074702886244, 0.92489919354838712, 0.90508276740237692, 0.94784592529711376, 0.9592264431239389, 0.95771434634974528, 0.9738433786078099, 0.97450657894736847, 0.98217317487266553, 0.98546264855687604, 0.98495861629881154, 0.98681557724957558, 0.98334040747028861, 0.9850116723259762, 0.9880623938879457, 0.9922538200339559, 0.98479944821731746, 0.9872930814940577, 0.99039685908319186, 0.9894683786078099, 0.98899087436332767, 0.99137839558573859, 0.99037033106960948, 0.99071519524618001, 0.98822156196943978, 0.98787669779286924, 0.99108658743633282, 0.98976018675721567]
Fc_depth=[512]
Epoch_stop=32
Accuracy_test=0.875719309463
Validation_val_perc=0.2
Accuracy_validation=[0.25215792838874679, 0.79935262148337594, 0.84446930946291565, 0.85154251918158563, 0.80366847826086951, 0.84662723785166238, 0.80298913043478259, 0.87020460358056262, 0.86237212276214836, 0.84586796675191811, 0.88139386189258317, 0.86764705882352944, 0.87380115089514065, 0.86157289002557547, 0.86021419437340152, 0.87292199488491051, 0.87120364450127874, 0.85314098465473143, 0.88059462915601028, 0.86528932225063937, 0.84770620204603575, 0.84518861892583119, 0.87180306905370841, 0.85725703324808189, 0.88291240409207161, 0.87172314578005117, 0.86081361892583119, 0.88023497442455245, 0.84522858056265981, 0.87112372122762149, 0.87280210997442453, 0.87320172634271098, 0.87320172634271098]
Rotate_images=True
Nbr_rotated_img=100
Keep_dropout=0.8
Theta_thresh=0.01
Training_size=100
Conv_arch=[1, 1]
Validation_train_perc=0.6
################################################################################

Date=Thu Dec 22 15:14:28 2016:
Validation_val_perc=0.2
Fc_depth=[512]
Rotate_images=True
Loss_taining=[12.567863, 3.1470079, 1.7619431, 1.2127457, 0.71207303, 0.52971935, 0.4603405, 0.31097236, 0.39133203, 0.28391075, 0.27698806, 0.23323448, 0.22186127, 0.22860113, 0.19435409, 0.21229342, 0.26712388, 0.19156769, 0.18868218, 0.19099568, 0.2923817, 0.19761178, 0.29297215, 0.21950102, 0.19241947, 0.23285666, 0.2284216, 0.18057963, 0.16739871, 0.17425965, 0.20051286, 0.19398102, 0.17542472, 0.2908957, 0.24731594, 0.22821379, 0.16692419, 0.15043291, 0.1617997, 0.28803492, 0.15912321, 0.1942921, 0.21391103, 0.14280258, 0.19426474, 0.17577626, 0.15542901, 0.1613857, 0.16289039, 0.15147477]
F1-score_threshs_validation=[[0.0, 0.1111111111111111, 0.22222222222222221, 0.33333333333333331, 0.44444444444444442, 0.55555555555555558, 0.66666666666666663, 0.77777777777777768, 0.88888888888888884, 1.0], [0.55555555555555558, 0.58024691358024694, 0.60493827160493829, 0.62962962962962965, 0.65432098765432101, 0.67901234567901225, 0.70370370370370361, 0.72839506172839497, 0.75308641975308632, 0.77777777777777768]]
Post_process=False
Accuracy_training=[0.49938985568760613, 0.83799342105263153, 0.859375, 0.88455008488964348, 0.89274724108658743, 0.91574702886247883, 0.91877122241086584, 0.93123938879456702, 0.94402589134125636, 0.96020797962648552, 0.96235674872665533, 0.96835207979626481, 0.9629138370118846, 0.98527695246179969, 0.98257109507640072, 0.98649724108658743, 0.9880623938879457, 0.97747771646859083, 0.98745224957555178, 0.98949490662139217, 0.98814197792869274, 0.98596668081494054, 0.98588709677419351, 0.98089983022071303, 0.99153756366723256, 0.98485250424448212, 0.99328841256366718, 0.98944185059422751, 0.99323535653650252, 0.99220076400679114, 0.99421689303904925, 0.99204159592529706, 0.99350063667232602, 0.98426888794567058, 0.98877865025466893, 0.9928904923599321, 0.99647177419354838, 0.99358022071307306, 0.98466680814940577, 0.99312924448217321, 0.99371286078098475, 0.99124575551782679, 0.98999893887945667, 0.99575551782682514, 0.98962754668930386, 0.99188242784380309, 0.99599426994906626, 0.99127228353140917, 0.99522495755517826, 0.99424342105263153]
Training_size=100
Conv_depth=[32, 64, 128, 256]
Filter size=3
Batch_size=64
Num_epoch=100
Validation_test_perc=0.2
Accuracy_test=0.892862851662
Accuracy_validation=[0.25075927109974422, 0.80294916879795397, 0.82045236572890023, 0.84251118925831203, 0.82948369565217395, 0.87272218670076729, 0.84690696930946296, 0.87112372122762149, 0.88071451406649615, 0.86508951406649615, 0.89406170076726343, 0.87539961636828645, 0.89454124040920713, 0.88830722506393867, 0.89006553708439895, 0.88890664961636834, 0.87635869565217395, 0.84818574168797956, 0.88618925831202044, 0.89925671355498726, 0.87440057544757033, 0.89114450127877243, 0.86345108695652173, 0.8595348465473146, 0.88942615089514065, 0.88095428388746799, 0.8859494884910486, 0.89210358056265981, 0.88962595907928388, 0.88574968030690537, 0.88990569053708435, 0.88902653452685421, 0.88043478260869568, 0.8960997442455243, 0.87104379795396425, 0.885789641943734, 0.89318254475703329, 0.88778772378516624, 0.89162404092071612, 0.88922634271099743, 0.89745843989769825, 0.89633951406649615, 0.89721867007672629, 0.88842710997442453, 0.89693893861892582, 0.87911604859335035, 0.88507033248081846, 0.88183343989769825, 0.89130434782608692, 0.89562020460358061, 0.89562020460358061]
Conv_arch=[2, 2]
Epoch_stop=50
Seed=43212
Fc_arch=1
Img_border=16
Theta_thresh=0.01
F1-score_test=0.807398532275
Nbr_rotated_img=100
F1-score_validation=[[0.40520540954325074, 0.77664674591186711, 0.7908880098213068, 0.80061672156423014, 0.80665519219736082, 0.81072785735165154, 0.81252789763428057, 0.81083961330592991, 0.81046988331756531, 0], [0.81072785735165154, 0.81121138748257393, 0.81172225903836237, 0.81271719038817003, 0.81280166332516512, 0.81222512113306, 0.81237360497341016, 0.81204365826119684, 0.81135503406510223, 0.81083961330592991]]
Validation_train_perc=0.6
Keep_dropout=0.8
################################################################################

Date=Thu Dec 22 15:26:54 2016:
Theta_thresh=0.01
Rotate_images=False
Seed=43212
Fc_depth=[512]
Validation_test_perc=0.2
F1-score_validation=[[0.41138717671729047, 0.74597303424412365, 0.76779492284718764, 0.77886946535664159, 0.79299529534762148, 0.80480320213475665, 0.81405803024111167, 0.8198688433096134, 0.82874044149473391, 0], [0.8198688433096134, 0.82031140412400061, 0.82190234264747386, 0.82583949914627208, 0.82775463295503515, 0.83009567990721966, 0.83213605043248795, 0.83204288266825499, 0.83117673922971524, 0], [0.83009567990721966, 0.83091226031377108, 0.8311007571345369, 0.83177570093457942, 0.83243085028537978, 0.83230543318649053, 0.83203297512144858, 0.83225044300059059, 0.83227050274358594, 0.83204288266825499]]
Loss_taining=[13.089274, 4.5149646, 3.0343034, 2.318352, 1.689959, 1.2373472, 0.8577162, 0.71922785, 0.57498485, 0.45456928, 0.36586607, 0.40591294, 0.34549621, 0.31895363, 0.22104043, 0.19680324, 0.21520539, 0.18962994, 0.23409706, 0.25613928, 0.19543821, 0.2269571, 0.16318718, 0.1827831, 0.17435431, 0.2070438, 0.15249968, 0.1354941, 0.15823019, 0.25721678, 0.14525381, 0.17154934, 0.25533965, 0.17207763, 0.15245956, 0.15884498, 0.1765949, 0.17198482, 0.12582728, 0.17256416, 0.13310173, 0.12959184, 0.2010701, 0.23660427, 0.27970487, 0.1442444, 0.13091408, 0.14147747, 0.16348936, 0.13348112, 0.11357769, 0.13242178, 0.15184857, 0.16635941, 0.14176773]
Conv_depth=[32, 64, 128, 256]
Accuracy_test=0.876116071429
Num_epoch=100
Nbr_rotated_img=100
Training_size=100
Keep_dropout=0.8
Img_border=16
Validation_val_perc=0.2
Batch_size=64
Filter size=3
F1-score_test=0.82345971564
Epoch_stop=56
Conv_arch=[2, 2]
Fc_arch=1
Accuracy_training=[0.49984580592105265, 0.81203741776315785, 0.88625616776315785, 0.90105879934210531, 0.89895148026315785, 0.93806537828947367, 0.95764802631578949, 0.95970394736842102, 0.9765625, 0.96905838815789469, 0.98082853618421051, 0.98031455592105265, 0.98699629934210531, 0.98329564144736847, 0.99336965460526316, 0.98941200657894735, 0.98411800986842102, 0.98833264802631582, 0.99018297697368418, 0.98622532894736847, 0.98103412828947367, 0.99475740131578949, 0.99403782894736847, 0.99388363486842102, 0.98889802631578949, 0.99357524671052633, 0.99198190789473684, 0.99229029605263153, 0.99203330592105265, 0.99172491776315785, 0.99629934210526316, 0.99198190789473684, 0.99069695723684215, 0.99676192434210531, 0.99270148026315785, 0.99557976973684215, 0.99552837171052633, 0.99491159539473684, 0.99748149671052633, 0.99378083881578949, 0.99650493421052633, 0.99285567434210531, 0.99799547697368418, 0.99778988486842102, 0.99645353618421051, 0.99527138157894735, 0.99229029605263153, 0.99234169407894735, 0.99712171052631582, 0.99429481907894735, 0.99593955592105265, 0.99552837171052633, 0.99419202302631582, 0.99614514802631582, 0.99491159539473684]
F1-score_threshs_validation=[[0.0, 0.1111111111111111, 0.22222222222222221, 0.33333333333333331, 0.44444444444444442, 0.55555555555555558, 0.66666666666666663, 0.77777777777777768, 0.88888888888888884, 1.0], [0.77777777777777768, 0.80246913580246904, 0.82716049382716039, 0.85185185185185175, 0.87654320987654311, 0.90123456790123457, 0.92592592592592593, 0.95061728395061729, 0.97530864197530864, 1.0], [0.90123456790123457, 0.90672153635116604, 0.91220850480109739, 0.91769547325102885, 0.9231824417009602, 0.92866941015089166, 0.93415637860082301, 0.93964334705075447, 0.94513031550068582, 0.95061728395061729]]
Accuracy_validation=[0.25637755102040816, 0.82206632653061229, 0.84765625, 0.83083545918367352, 0.87372448979591832, 0.8655133928571429, 0.87476084183673475, 0.89827806122448983, 0.87213010204081631, 0.89851721938775508, 0.9017857142857143, 0.85905612244897955, 0.87731186224489799, 0.88919005102040816, 0.89277742346938771, 0.88177614795918369, 0.90138711734693877, 0.88807397959183676, 0.87810905612244894, 0.88926977040816324, 0.89182079081632648, 0.89253826530612246, 0.8978794642857143, 0.91031568877551017, 0.87005739795918369, 0.88632015306122447, 0.88711734693877553, 0.91055484693877553, 0.90728635204081631, 0.90433673469387754, 0.89979272959183676, 0.8816964285714286, 0.87117346938775508, 0.89979272959183676, 0.90696747448979587, 0.89429209183673475, 0.8716517857142857, 0.88568239795918369, 0.88026147959183676, 0.88010204081632648, 0.88376913265306123, 0.87962372448979587, 0.89373405612244894, 0.89190051020408168, 0.9056919642857143, 0.86957908163265307, 0.90776466836734693, 0.86918048469387754, 0.89158163265306123, 0.85387436224489799, 0.88512436224489799, 0.87069515306122447, 0.8967633928571429, 0.90082908163265307, 0.86806441326530615, 0.86806441326530615]
Validation_train_perc=0.6
Post_process=False
################################################################################

