On Thu Dec 15 15:03:32 2016:
NUM_CHANNELS            = 3
PIXEL_DEPTH             = 255
NUM_LABELS              = 2
TRAINING_SIZE           = 100
SEED                    = 43212
EVAL_BATCH_SIZE         = 64
BATCH_SIZE              = 64
NUM_EPOCHS              = 100
ROTATE_IMAGES           = False
RESTORE_MODEL           = False
TRAIN_PREDICTIONS       = False
TEST_PREDICTIONS        = False
ENABLE_RECORDING        = False
RECORDING_STEP          = 1000
LEARNING_RATE           = 0.001
Last epoch              = 100
Validation F1 per epoch = [0.86945930983576314, 0.85510926438904278, 0.87263306282622777, 0.87209081590037585, 0.86183928640984697, 0.86319218241042339, 0.88007455731593665, 0.88919197876732525, 0.87348313746506911, 0.86018985116606117, 0.83469879518072287, 0.87044054043709573, 0.8759672280382339, 0.87786202237069288, 0.88895515711782902, 0.86478316474828509, 0.8781856796116505, 0.86017535763728659, 0.85986172609337375, 0.84456846721148104, 0.86578245234136342, 0.84316056427326047, 0.88227976930905805, 0.86605448888214309, 0.85833528356346045, 0.85809356038363671, 0.78123801814851102, 0.88925839707349519, 0.88233751638883684, 0.82753599741142214, 0.84040902399236062, 0.85819850653391405, 0.86361194258960783, 0.87818337745628094, 0.85837380542064856, 0.86664867573923443, 0.87437530996070656, 0.83497725351262142, 0.87534372135655358, 0.87163720215219065, 0.864361087576061, 0.84880427942101955, 0.87254043767840161, 0.88832354371656252, 0.87343017097896802, 0.86292012729954193, 0.85053577056413487, 0.86858244937319184, 0.88025257460723139, 0.86960874922982134, 0.89542819402656493, 0.8632757816145592, 0.84512247866944523, 0.87045437072345666, 0.8516912402428447, 0.86417933602233943, 0.86890232164170489, 0.87413628555067757, 0.84615997450605474, 0.88778110944527733, 0.87087891073204315, 0.85235944556922594, 0.85550956041789861, 0.87614886243784851, 0.86448382126348233, 0.82928214908899089, 0.85986765278318411, 0.87797159326376062, 0.87060171919770768, 0.88862497680460206, 0.85987781625744197, 0.87935596039005226, 0.7893013100436681, 0.87426243861585895, 0.86898199899780293, 0.84102072600934485, 0.84379828071148433, 0.84947509669271448, 0.87096031319567047, 0.83809218693684673, 0.84454848436756069, 0.86238249345045459, 0.85493669893779645, 0.85003525816814229, 0.87701589951808145, 0.86547485166944582, 0.83992949847780796, 0.85575605746271577, 0.80894224798178449, 0.84674647386511781, 0.86029039666783447, 0.86455398154938823, 0.8820536017188737, 0.83839746132487114, 0.86528437391405078, 0.85632454488386689, 0.87329747052764106, 0.87292311218058893, 0.86477770099055529, 0.87301587301587291]
Training F1 per epoch   = [0.82870607997760259, 0.8805464153953535, 0.91010508491458741, 0.92656822911505288, 0.94753399634666136, 0.95633824046626137, 0.96301724559089352, 0.96263180912580792, 0.97977483311746549, 0.98547530802364003, 0.98027114528530956, 0.9923398328690809, 0.98407832278481011, 0.98619193214320933, 0.98922285940280796, 0.99211025666633368, 0.99419614068158146, 0.97744435612082681, 0.99446853042308259, 0.98774115755627012, 0.99596191235854226, 0.9855232179532134, 0.9941421763304209, 0.9868875086266391, 0.99345687028619956, 0.99460215913634542, 0.95838078476032718, 0.98488417746368273, 0.99252290170834367, 0.98934352065949538, 0.98815974312663057, 0.99607023827289454, 0.99483563412454068, 0.99046489797934889, 0.99776019113035685, 0.99426691260780697, 0.99716742036475681, 0.9914684332028505, 0.99647240025835948, 0.9976599452327608, 0.99636472287236688, 0.99496334713010526, 0.99384737521087629, 0.99662229286707726, 0.9949399742037901, 0.99450933413197573, 0.99660915528074201, 0.99701105908139875, 0.99637735099995028, 0.99706453057366029, 0.99229325165497473, 0.99746003287016283, 0.99272473589794685, 0.99840827695980894, 0.99750847119792707, 0.99681592039801004, 0.99736488838064941, 0.9963238946845504, 0.99795501022494881, 0.99346534653465346, 0.99434635984923625, 0.99452954048140041, 0.99740751819722806, 0.99464869685858692, 0.99726572209793685, 0.99404195664146611, 0.99855613642021424, 0.99582919563058581, 0.99632243315773772, 0.99116354840302123, 0.99825671166010865, 0.9951350277998412, 0.98785833039447835, 0.99701729966196062, 0.99840764331210197, 0.99485334532553837, 0.99750772604924731, 0.99835550904470027, 0.99850790808713819, 0.99595222627554836, 0.99855469723398949, 0.99731289808917201, 0.99626177540746641, 0.99655946148092744, 0.99830879426979713, 0.99775818263338822, 0.99830457764037095, 0.99775773581145044, 0.991819322459222, 0.99685675797036355, 0.99890536371778282, 0.99890514581467105, 0.99835975943138333, 0.99555511162163512, 0.99765971219439331, 0.99900338847917092, 0.9988561197592879, 0.99835943325876209, 0.99771235329222197, 0.99702026221692486]
Loss per recording step = [24.233192, 4.7921515, 3.0561287, 2.1033263, 1.5426841, 1.0545526, 0.89220482, 0.72237158, 0.54480392, 0.4494423, 0.37461811, 0.30423033, 0.25393024, 0.24896064, 0.25745475, 0.23710521, 0.17485799, 0.22345209, 0.27923793, 0.18006976, 0.19363281, 0.17508006, 0.21926072, 0.20035106, 0.22041829, 0.19968918, 0.19584897, 0.2716479, 0.36961263, 0.1480141, 0.16888736, 0.13739897, 0.1725564, 0.14066033, 0.15093865, 0.13555034, 0.13431776, 0.12765981, 0.14766403, 0.12506062, 0.12670386, 0.13103336, 0.16830882, 0.12963097, 0.16161835, 0.12517712, 0.13642079, 0.1860584, 0.1766932, 0.12430292, 0.13402694, 0.1438842, 0.13205819, 0.12322506, 0.11867168, 0.1038432, 0.11780854, 0.13155289, 0.12541327, 0.11420609, 0.24904394, 0.12305169, 0.11808413, 0.10575935, 0.12006017, 0.16812626, 0.11194425, 0.11385223, 0.10311368, 0.10072228, 0.16564149, 0.098136984, 0.11771329, 0.14755552, 0.14887261, 0.1185372, 0.10330388, 0.10690415, 0.10346095, 0.089843445, 0.11506175, 0.10258868, 0.10171973, 0.11359444, 0.098544627, 0.131304, 0.10366821, 0.10577289, 0.095067821, 0.092879638, 0.11482233, 0.099322461, 0.096110001, 0.13049147, 0.071097545, 0.10865287, 0.081969321, 0.084565178, 0.088052452, 0.084641047]
Validation F1 score     = 0.8730158730158729
Test F1 score           = 0.877349049260536
CONV_ARCH               = [2, 2]
IMG_PATCH_SIZE          = 16
IMG_BORDER              = 16
IMG_TOTAL_SIZE          = 48
VALIDATION_TRAIN_PERC   = 0.6
VALIDATION_VAL_PERC     = 0.3
VALIDATION_TEST_PERC    = 0.1
################################################################################
################################################################################

On Thu Dec 15 16:03:41 2016:
NUM_CHANNELS            = 3
PIXEL_DEPTH             = 255
NUM_LABELS              = 2
TRAINING_SIZE           = 100
SEED                    = 43212
EVAL_BATCH_SIZE         = 64
BATCH_SIZE              = 64
NUM_EPOCHS              = 100
ROTATE_IMAGES           = False
RESTORE_MODEL           = False
TRAIN_PREDICTIONS       = False
TEST_PREDICTIONS        = False
ENABLE_RECORDING        = False
RECORDING_STEP          = 1000
LEARNING_RATE           = 0.001
Last epoch              = 100
Validation F1 per epoch = [0.85506278386321133, 0.86311201292601369, 0.88300622655937078, 0.87877764012463866, 0.87030247479376721, 0.87178131843237927, 0.88994685562444642, 0.88891374040110338, 0.87405310276226167, 0.89736219756230673, 0.86959852896107881, 0.89579697498545652, 0.88272190212238333, 0.89644647918029208, 0.9015299833224566, 0.80349777264477806, 0.89508232002582588, 0.87799932409597836, 0.88088312075781305, 0.88791306936588277, 0.85402035824193157, 0.87625647273834906, 0.89413645280825393, 0.9070999141139422, 0.87256589770075377, 0.86751459388409935, 0.86111326760344697, 0.87390476190476185, 0.87959828051888755, 0.85724353954581045, 0.86296969931504197, 0.88612126183906337, 0.86749690594059403, 0.88624011394729951, 0.89323051827685918, 0.87871528037733027, 0.86940911347924077, 0.85145156200694228, 0.83470180638442748, 0.87258391702070659, 0.86173157135617662, 0.84959365552981825, 0.88454773399199138, 0.86605072050492382, 0.89086161879895553, 0.82194794085298795, 0.87475270126312588, 0.87955607920641565, 0.86778456069855503, 0.87879710696612101, 0.87008784096162739, 0.88756025559582974, 0.86672067276164022, 0.89045621589517054, 0.84052877511082713, 0.87064943012315454, 0.86598414286813952, 0.8734394685603023, 0.89056995587199161, 0.87917522635623524, 0.90207608734626554, 0.87666149127125381, 0.87818161189062438, 0.86073890480985205, 0.87214367596484521, 0.86857274613788338, 0.87038666003748044, 0.85762353769709299, 0.85357815442561202, 0.88141157160443162, 0.88378081569280864, 0.88778483376914474, 0.88022560115849235, 0.86682360205302367, 0.86937852240923208, 0.88419486798066182, 0.87624455801627865, 0.89722181173341209, 0.88989497903291637, 0.89825761158197237, 0.87543424317617868, 0.86804647226282994, 0.89004689942678472, 0.87545344619105203, 0.86509008140118049, 0.86822300721855317, 0.87928010371387177, 0.89261369985473238, 0.87956801156025399, 0.88790526992774188, 0.87435233160621761, 0.87490436113236425, 0.90045952889242675, 0.87588055130168452, 0.85533658536585366, 0.87569333637261604, 0.89963697700854384, 0.85322177040975922, 0.87187547922097852, 0.85124096764059076]
Training F1 per epoch   = [0.73698129350911989, 0.8233005932120977, 0.85020204867963534, 0.8755297132157287, 0.8938678047045675, 0.89821832857564721, 0.92054527750730286, 0.93678583688882355, 0.93595811096566306, 0.9463077587447819, 0.95291826851065953, 0.94572455089820351, 0.92414912406320104, 0.95535929733120983, 0.95624034003091196, 0.92840573597638132, 0.93680892109349267, 0.96485968447436976, 0.96973865199449794, 0.9755569763438745, 0.96291762305534312, 0.97670722622299477, 0.95887778631821674, 0.961891489259455, 0.97231902817883098, 0.97951825329260356, 0.97538970477670295, 0.98674609084139997, 0.97834115181155801, 0.98748498197837409, 0.98098057911376524, 0.98136523157530531, 0.98855743766551751, 0.98230700800632598, 0.98458811364419718, 0.96325847123719455, 0.9866865375062096, 0.98698950118048934, 0.9863275359404845, 0.9876002191125941, 0.99046192259675403, 0.98924193144858641, 0.9789333464897132, 0.98053936580065193, 0.99329392479260836, 0.97718379998983695, 0.98797694753577103, 0.99058999253174007, 0.99082568807339444, 0.99348615185719258, 0.99243931555909271, 0.98985801217038549, 0.98947053246169969, 0.98790780316864923, 0.98375706214689274, 0.98787848555893654, 0.9937634086713566, 0.99257931171871105, 0.98645575877409786, 0.99412818471337572, 0.97428668643367522, 0.99195870147920184, 0.99163513244373636, 0.99156728706152386, 0.99582047964971632, 0.99406394971816225, 0.9922927750982049, 0.99214568012406834, 0.98875953432356478, 0.98602123981229939, 0.98789056660188379, 0.99390092725740087, 0.9949152542372881, 0.99370629370629371, 0.99136769622274346, 0.98371206495371055, 0.99387785575630883, 0.99652536483669207, 0.99216036518805206, 0.98401020207965462, 0.99577051301189234, 0.99196566694944865, 0.99622716441620329, 0.9943418701608101, 0.99176029962546808, 0.99042585020444807, 0.99726272831334295, 0.99173144526414814, 0.9950228946844516, 0.99501396090945349, 0.99447953449047599, 0.98742138364779874, 0.98318545026717008, 0.99581214478013758, 0.99290638425417133, 0.99561534628799209, 0.99504165013883372, 0.98921711219218622, 0.99726027397260264, 0.99360000000000004]
Loss per recording step = [242.73831, 4.0606999, 3.5490918, 3.265013, 2.8937707, 2.6685202, 2.36676, 2.259578, 1.9353335, 1.8512754, 1.6436652, 1.4685153, 1.3108536, 1.2641025, 1.0957572, 0.92336762, 0.90079451, 0.79243112, 0.69720465, 0.56888181, 0.5548715, 0.47910291, 0.36276153, 0.36081994, 0.30036968, 0.22078764, 0.24796489, 0.19556864, 0.15077865, 0.12567735, 0.087335236, 0.12744623, 0.069713876, 0.1012508, 0.077032782, 0.13708654, 0.13024412, 0.13685562, 0.096974649, 0.03579944, 0.031682152, 0.037546501, 0.027800649, 0.15175416, 0.084216222, 0.046948519, 0.049159445, 0.037070725, 0.065304399, 0.072439551, 0.17110248, 0.052509949, 0.085701987, 0.07512261, 0.033463433, 0.042479008, 0.041952595, 0.036296889, 0.044541854, 0.29618368, 0.044761658, 0.18699585, 0.044666164, 0.048467461, 0.024032095, 0.025293631, 0.036352061, 0.045456618, 0.03046985, 0.023000015, 0.070591778, 0.055110909, 0.031547479, 0.052689858, 0.031460002, 0.022348395, 0.041068561, 0.030220654, 0.084945403, 0.035487287, 0.031936251, 0.030788636, 0.11951912, 0.033977319, 0.050628893, 0.12278331, 0.056440692, 0.25683025, 0.043707356, 0.034423485, 0.026754808, 0.025856122, 0.039708123, 0.056901909, 0.046002768, 0.038118031, 0.054512471, 0.026492288, 0.092104234, 0.03455044]
Validation F1 score     = 0.8512409676405908
Test F1 score           = 0.8809389459428958
CONV_ARCH               = [2, 4, 4]
IMG_PATCH_SIZE          = 16
IMG_BORDER              = 16
IMG_TOTAL_SIZE          = 48
VALIDATION_TRAIN_PERC   = 0.6
VALIDATION_VAL_PERC     = 0.3
VALIDATION_TEST_PERC    = 0.1
################################################################################
################################################################################

On Thu Dec 15 16:45:36 2016:
NUM_CHANNELS            = 3
PIXEL_DEPTH             = 255
NUM_LABELS              = 2
TRAINING_SIZE           = 100
SEED                    = 43212
EVAL_BATCH_SIZE         = 64
BATCH_SIZE              = 64
NUM_EPOCHS              = 100
ROTATE_IMAGES           = False
RESTORE_MODEL           = False
TRAIN_PREDICTIONS       = False
TEST_PREDICTIONS        = False
ENABLE_RECORDING        = False
RECORDING_STEP          = 1000
LEARNING_RATE           = 0.001
Last epoch              = 100
Validation F1 per epoch = [0.84555894070775728, 0.85504179072353548, 0.81912465462699724, 0.82818999326545972, 0.8830897703549061, 0.81853812275243432, 0.87021699209234338, 0.82061922779608609, 0.84199288256227756, 0.87952847542891466, 0.86413671003002079, 0.83949835819124108, 0.87886344744200107, 0.89285202693023924, 0.832439840380507, 0.87332748827812301, 0.90643356643356632, 0.9069047703745865, 0.8706758914316125, 0.89244563002482313, 0.83876085835547964, 0.85791135539702967, 0.89227728363687708, 0.86826393141457436, 0.8736974693690599, 0.88737022929270293, 0.86704844451323326, 0.88996919879763992, 0.8826724202068299, 0.86903295349553433, 0.85326834637003268, 0.89305625950329437, 0.88402821843156276, 0.87499048923381262, 0.88989110108898906, 0.85019794140934279, 0.88730289216052627, 0.85528480764710491, 0.8660752334095223, 0.87639765726021146, 0.88874907475943743, 0.86840888066604993, 0.8865224376938311, 0.85564731883215073, 0.87656001815293849, 0.89839727318877372, 0.87972791149648677, 0.84832904884318772, 0.84933013790122969, 0.88789903489235344, 0.8675466195994167, 0.86472004348839016, 0.86992461061574367, 0.8576926037096898, 0.87713141331298872, 0.88026499040162609, 0.88885565815544509, 0.87886432955529614, 0.88692143897792231, 0.87299047619047621, 0.88145667958316087, 0.85355714173660679, 0.88050124556503362, 0.85921284511454865, 0.85615659200564864, 0.86186695444384498, 0.86571066087424553, 0.85026293938555209, 0.85228488763822285, 0.88506135314645951, 0.86888017831066022, 0.87966178468971767, 0.86435994239676184, 0.89743495651535721, 0.86499514091350838, 0.88758509157922449, 0.85615523607510413, 0.87929789901599487, 0.86781208884761241, 0.86705471478463336, 0.8822638078642322, 0.83958333333333335, 0.86922928336874639, 0.88296867324188499, 0.89366186945777004, 0.88248186215235791, 0.88971499380421315, 0.88085363094789237, 0.86907475371836962, 0.8701298701298702, 0.8674028882539192, 0.85952929237734665, 0.87791911904309861, 0.86760454808248222, 0.86244047154344594, 0.88376279959491399, 0.87858736340605725, 0.88741970624694788, 0.8655079181151023, 0.86065190268247038]
Training F1 per epoch   = [0.71707298226635252, 0.78268551236749118, 0.81821508861818359, 0.83282391338133976, 0.84248714180749462, 0.84364334470989755, 0.87835533687338618, 0.86775216293191459, 0.87039276512960728, 0.90320659187928121, 0.911270740590854, 0.90627749314288675, 0.91974445997205034, 0.91317337316777147, 0.91357372894778521, 0.94206147561400888, 0.90858345534407037, 0.92306259314456041, 0.95596175756675072, 0.95846801841512386, 0.93772479704038636, 0.94874137231019084, 0.9099621229407201, 0.9546335403726709, 0.96460044809559375, 0.96647273444433479, 0.96590397035998588, 0.96462738556640337, 0.96101231190150482, 0.9585207396301848, 0.96737646047240899, 0.94766753492777656, 0.96922626025791325, 0.97330350484712891, 0.95983721718908965, 0.97586887236302933, 0.98161927758340306, 0.97282608695652173, 0.9837309112685898, 0.98227020602218706, 0.960406582768635, 0.98569078127337084, 0.97785182281458238, 0.9562816844852684, 0.97952134221564269, 0.96045850792274712, 0.98001473115639581, 0.9834677419354837, 0.97877061166859969, 0.98417223751474636, 0.97877440942915639, 0.99166708248091417, 0.98212952361989148, 0.96286735504368548, 0.97981816365271268, 0.98750743604997027, 0.98987104105934087, 0.98488888888888881, 0.98834107301650032, 0.99342236396252737, 0.98609117457803297, 0.99141116548486952, 0.98833531039936739, 0.98929143314651735, 0.98403614457831323, 0.98898030416355021, 0.98930188585361001, 0.98890617940866421, 0.98982201052895458, 0.99015874585826613, 0.98850803442614787, 0.98802928373565502, 0.989712345185777, 0.98143703776264879, 0.99450768923507094, 0.98910998910998915, 0.9909873823352694, 0.99089688106252805, 0.99441897548335645, 0.99352718581955768, 0.99260949357670758, 0.98588709677419362, 0.99067750137095556, 0.99369820870341874, 0.96032700168309693, 0.99340048627995836, 0.99394841269841261, 0.99434692055935736, 0.9909721183101402, 0.99141202316756549, 0.99174622116149558, 0.99194959747987388, 0.99348420790848047, 0.98956825555278261, 0.99535951299835346, 0.98611111111111105, 0.9935426187164712, 0.99232331236689619, 0.99347512078497791, 0.99169833966793364]
Loss per recording step = [1552.9519, 4.2884426, 3.8752682, 3.7270119, 3.5169873, 3.3592494, 3.144639, 3.1492426, 2.9231119, 2.9113481, 2.5071914, 2.4267163, 2.2939391, 2.1714609, 2.1034527, 1.942504, 1.8128901, 1.8625329, 1.7008172, 1.4785972, 1.4239514, 1.3779926, 1.253633, 1.1389093, 0.93768632, 0.91490114, 0.76872683, 0.75612921, 0.7380079, 0.57773459, 0.49102944, 0.41848969, 0.41257229, 0.30564845, 0.24714079, 0.27599466, 0.20844349, 0.14543913, 0.23311591, 0.15469199, 0.16921268, 0.10671137, 0.16055161, 0.036770303, 0.18369395, 0.027477426, 0.17190532, 0.04085508, 0.089167885, 0.042216945, 0.028314006, 0.069004506, 0.019902086, 0.059971824, 0.11821739, 0.027238358, 0.028274361, 0.021937834, 0.078315474, 0.04018236, 0.026034769, 0.032158539, 0.018789841, 0.025834594, 0.028909959, 0.099209771, 0.025178958, 0.048811872, 0.075884238, 0.1534995, 0.026946886, 0.039701164, 0.040401444, 0.023680925, 0.035833806, 0.028771803, 0.02052673, 0.025423558, 0.032252993, 0.014315728, 0.075658068, 0.039911751, 0.10486804, 0.021406638, 0.084991097, 0.10447024, 0.014462221, 0.044856459, 0.018198906, 0.050393485, 0.01694672, 0.013758273, 0.026059598, 0.015718069, 0.088092819, 0.088437647, 0.054658338, 0.015579863, 0.082651526, 0.016989378]
Validation F1 score     = 0.8606519026824704
Test F1 score           = 0.8777992497442311
CONV_ARCH               = [2, 4, 6]
IMG_PATCH_SIZE          = 16
IMG_BORDER              = 16
IMG_TOTAL_SIZE          = 48
VALIDATION_TRAIN_PERC   = 0.6
VALIDATION_VAL_PERC     = 0.3
VALIDATION_TEST_PERC    = 0.1
################################################################################
################################################################################

On Thu Dec 15 17:21:58 2016:
NUM_CHANNELS            = 3
PIXEL_DEPTH             = 255
NUM_LABELS              = 2
TRAINING_SIZE           = 100
SEED                    = 43212
EVAL_BATCH_SIZE         = 64
BATCH_SIZE              = 64
NUM_EPOCHS              = 100
ROTATE_IMAGES           = False
RESTORE_MODEL           = False
TRAIN_PREDICTIONS       = False
TEST_PREDICTIONS        = False
ENABLE_RECORDING        = False
RECORDING_STEP          = 1000
LEARNING_RATE           = 0.001
Last epoch              = 100
Validation F1 per epoch = [0.74949995999679986, 0.79528078550083436, 0.77255524356000493, 0.81403536222813333, 0.83823417093103181, 0.82537295714455294, 0.73400939461784975, 0.78903446549278144, 0.88325016809993984, 0.88690708829276965, 0.734267583289265, 0.86103458830731561, 0.87344015080113091, 0.87468069120961678, 0.78956668068994529, 0.87291146896499572, 0.88840198656149572, 0.79909894877356924, 0.8670422100470716, 0.84782008285657906, 0.87077489077948966, 0.88663382837672677, 0.86439888164026113, 0.86065065840433785, 0.85268901013250187, 0.8762632953556152, 0.86519006744328619, 0.87686398553999101, 0.84296467402126718, 0.83917988146724343, 0.84934962554197868, 0.88845659754083328, 0.78552906733584282, 0.85506287227001987, 0.88600556070435599, 0.87506653486426889, 0.89057021590699392, 0.8592366172897562, 0.85983362109558936, 0.89158063434087431, 0.82583903551645488, 0.88412968023041127, 0.8868637474994443, 0.84925991711071647, 0.86474329145338924, 0.88458663477350874, 0.83394124012986492, 0.87301044634377967, 0.85908214423447748, 0.86456813819577738, 0.85825242718446604, 0.81167414481537903, 0.85783947461559651, 0.87770382695507487, 0.85446414561431039, 0.87710219922380328, 0.83612120244321131, 0.87339138475764821, 0.87830970847820278, 0.87160333854186511, 0.87946445267212692, 0.84345073209339128, 0.85786782214935398, 0.86186899155411967, 0.88513084705267475, 0.86185837971552259, 0.89033642991968609, 0.87414679039803678, 0.85026484307059835, 0.89716505136302582, 0.86593474563166839, 0.88346964808283934, 0.8700373522276561, 0.88195839175413993, 0.89290236091457509, 0.86052356830748999, 0.89822562031159836, 0.87836464254790503, 0.877085330776606, 0.89037513077267971, 0.90028594471735457, 0.8755880215703522, 0.85910464158198296, 0.88936202002091735, 0.88828215581404046, 0.87886893389377152, 0.89279229201408195, 0.85132206328565241, 0.86806469086125504, 0.87401002410376094, 0.87507682851874624, 0.87478965886492288, 0.87345713749765519, 0.85941123295208899, 0.86246017561582089, 0.85361036498656984, 0.88233514821536596, 0.87833669700316053, 0.8682373809431998, 0.86865579821593353]
Training F1 per epoch   = [0.69540316503391109, 0.74934191284001173, 0.76314007396989114, 0.79342956694873068, 0.81036077705827947, 0.82277309195638748, 0.77438526978207667, 0.81595227574016782, 0.8296045901347685, 0.84073341722092398, 0.80405797101449283, 0.88763031275060145, 0.89276536864993083, 0.89945101142489747, 0.86448262526932207, 0.91844217619661073, 0.91612536152861423, 0.88442265795206976, 0.93334675795408795, 0.94103244235870231, 0.94466977116819384, 0.94555203509627095, 0.95906906147229964, 0.96408355457596551, 0.94166539962495566, 0.96361653613562015, 0.96485148514851493, 0.96100443131462343, 0.9563530552861299, 0.9586979886381084, 0.95177013853258086, 0.95954316686023988, 0.90685019206145967, 0.96444287087147851, 0.97265567675977105, 0.9784358541190501, 0.96880948894420849, 0.97356205852674071, 0.97333738848337381, 0.97933007745054512, 0.94837296620775968, 0.97096490370515209, 0.97713138435923796, 0.97500251990726738, 0.98337908659845275, 0.98513194170933427, 0.98254816907091702, 0.98586379643866862, 0.97466839533260197, 0.97956748695003737, 0.97535211267605637, 0.96408356488628177, 0.98437184916313758, 0.98744479182174583, 0.98272823405005294, 0.9939744036651561, 0.98035254305773012, 0.98946948145930036, 0.99298402746678616, 0.9874107850911974, 0.98471098836062332, 0.97891231964483916, 0.98458138717291943, 0.99185610791906065, 0.9860740740740741, 0.98586182693271829, 0.98821208384710224, 0.99347186923805253, 0.98342986653235964, 0.98633235004916409, 0.99546112025537437, 0.99103472187825048, 0.99297073632783284, 0.99135102892931715, 0.99435028248587565, 0.98999850723988647, 0.96407734220550656, 0.99050069265782703, 0.99312680545871102, 0.99064124783362217, 0.97785815533506026, 0.99303274609336123, 0.98768398918594169, 0.99326666006535302, 0.9959791511541326, 0.99706453057366029, 0.98322098115435697, 0.99340791050739119, 0.99746104445661377, 0.99234668522015701, 0.99701284476749974, 0.98725353515236003, 0.97369458128078823, 0.99344705117302778, 0.99003090419698925, 0.99590368668198626, 0.99691971383147848, 0.99497986977483965, 0.99655911833640853, 0.98190361927614467]
Loss per recording step = [4874.3838, 2.529387, 2.3986216, 2.2614899, 2.21558, 2.1953964, 2.1030824, 2.15288, 2.0622182, 2.0787284, 1.8531054, 1.9443175, 1.7294573, 1.7689364, 1.7133822, 1.6817839, 1.5305816, 1.5606149, 1.5355961, 1.4738516, 1.383453, 1.3933542, 1.2882218, 1.1294924, 1.0739574, 1.0735835, 1.0305743, 0.98098773, 0.9646517, 0.93344748, 0.83915091, 0.7568363, 0.71896213, 0.7945776, 0.64606774, 0.58399808, 0.47947827, 0.47579595, 0.44856244, 0.37334728, 0.30908895, 0.36945924, 0.36014318, 0.20237741, 0.19233556, 0.22012304, 0.13289931, 0.13157906, 0.097595721, 0.20192814, 0.13738547, 0.11821401, 0.10640931, 0.10846286, 0.045776777, 0.037185911, 0.02949496, 0.057252139, 0.050022505, 0.062331039, 0.028371679, 0.010050645, 0.028297417, 0.073551863, 0.01125514, 0.061298363, 0.011362446, 0.011846881, 0.026423931, 0.014495911, 0.02655828, 0.011478785, 0.015006021, 0.038204599, 0.0052762651, 0.0034914927, 0.0052651083, 0.11946601, 0.02122074, 0.01836394, 0.022310099, 0.14715432, 0.011581513, 0.012432492, 0.015162457, 0.0099053755, 0.0087794503, 0.084036499, 0.015089816, 0.0029192297, 0.013900714, 0.0047483365, 0.038807224, 0.011829196, 0.0065566534, 0.043262359, 0.0109792, 0.0032248853, 0.0061482079, 0.024703968]
Validation F1 score     = 0.8686557982159335
Test F1 score           = 0.8930481283422461
CONV_ARCH               = [2, 2, 4, 4]
IMG_PATCH_SIZE          = 16
IMG_BORDER              = 16
IMG_TOTAL_SIZE          = 48
VALIDATION_TRAIN_PERC   = 0.6
VALIDATION_VAL_PERC     = 0.3
VALIDATION_TEST_PERC    = 0.1
################################################################################
################################################################################

On Thu Dec 15 18:10:03 2016:
NUM_CHANNELS            = 3
PIXEL_DEPTH             = 255
NUM_LABELS              = 2
TRAINING_SIZE           = 100
SEED                    = 43212
EVAL_BATCH_SIZE         = 64
BATCH_SIZE              = 64
NUM_EPOCHS              = 100
ROTATE_IMAGES           = False
RESTORE_MODEL           = False
TRAIN_PREDICTIONS       = False
TEST_PREDICTIONS        = False
ENABLE_RECORDING        = False
RECORDING_STEP          = 1000
LEARNING_RATE           = 0.001
Last epoch              = 100
Validation F1 per epoch = [0.66977212640060435, 0.74767886400873851, 0.74741307536771995, 0.79285579996239897, 0.72849943775769432, 0.74429148462616435, 0.75789819645864998, 0.7835548239450757, 0.75957197793011211, 0.77554744525547437, 0.79273287643456747, 0.75276626650147394, 0.7673204815220136, 0.77536140791954744, 0.75199173162223854, 0.80136485498415788, 0.87611584327086878, 0.60980354016728266, 0.76307377573200363, 0.8742532527029504, 0.79942220387948826, 0.87365819469548855, 0.88207777700202472, 0.81506988049422724, 0.85784824287312433, 0.84999615768846548, 0.88225243824304111, 0.87703736556159217, 0.85011846040315386, 0.83959800585582012, 0.82408194663751577, 0.88109893409397988, 0.8289818268391399, 0.80095844005618455, 0.75521262300056347, 0.86528947467804673, 0.84009981383926791, 0.83208401811841104, 0.84937882074541515, 0.85121568627450983, 0.87373468300479495, 0.86254601821352439, 0.88961279336640264, 0.81147741147741148, 0.87717557251908407, 0.84907367344530538, 0.88937707115463382, 0.90543854587420658, 0.88772615055823723, 0.87992736627071189, 0.8607960082641406, 0.83433915510970791, 0.88761382986599535, 0.83048609721944389, 0.86559410738515208, 0.86374705268447305, 0.87960484144640094, 0.86820148331273184, 0.88856127617751568, 0.83219963775407524, 0.87806549885757801, 0.84405574857234145, 0.8786331205407435, 0.88646955743633726, 0.85538195807489981, 0.87760625119115698, 0.87951852548429565, 0.88424821002386633, 0.88893006707927213, 0.87075507857416634, 0.86564030790762769, 0.86935212130494721, 0.88683914510686179, 0.8940909257427555, 0.88182025721025792, 0.87821703369594062, 0.87182244067275938, 0.87586077140169338, 0.87225845825227899, 0.84703007370619998, 0.8816903537949804, 0.87375428065720107, 0.85572372795181673, 0.86728263811033368, 0.88886421672032856, 0.88396505829865402, 0.88978211870773849, 0.89040684581894614, 0.84517000317762947, 0.86742042902501348, 0.88178864895853226, 0.87893914567694242, 0.87988091148517111, 0.87887796325939471, 0.88509535271246065, 0.88109814061371172, 0.88433117176896392, 0.87751524390243907, 0.83204321883567167, 0.87354473039215685]
Training F1 per epoch   = [0.59975457613252892, 0.67064903048404689, 0.68248877485567672, 0.71506218332565641, 0.69118118653126681, 0.71023780520099566, 0.72528406074121277, 0.75407308423703556, 0.76219612127833913, 0.77776576186871416, 0.8023384420919577, 0.78391734052111406, 0.79349089500193715, 0.80702723606430582, 0.80011366865586808, 0.84168948809774591, 0.79000492368291475, 0.70870225145459143, 0.82395276918751759, 0.87086405747778395, 0.85229497498368501, 0.87784600850259809, 0.84673322823611841, 0.88708047444284877, 0.90305941845764848, 0.90712136409227684, 0.879584017515052, 0.89906667949581442, 0.91761392214062965, 0.91679102557505265, 0.91157972623011474, 0.93229733742452736, 0.91969230769230781, 0.89187880092567684, 0.85703050390427504, 0.92715748415407107, 0.91408934707903777, 0.91964239033826523, 0.94063127542351066, 0.94105670365468796, 0.94811485642946325, 0.9450946903099412, 0.9497623896809233, 0.89845765120808541, 0.96409541357502115, 0.93181584097229375, 0.9588177339901478, 0.94294008470946566, 0.94590432187891038, 0.96318927709062241, 0.95787657328461218, 0.94237707452839914, 0.95572117492327935, 0.94137594409905978, 0.95988669128433401, 0.97381832717098038, 0.96243854473942969, 0.97200966572694325, 0.97714087370456693, 0.95982371630624164, 0.97446893387852795, 0.97011119045190253, 0.95761490683229822, 0.97571743929359822, 0.97040404040404049, 0.98084521130282565, 0.97822329761493254, 0.96238244514106586, 0.96642989199182638, 0.96791740115839842, 0.9847680128269366, 0.9777291708093061, 0.97903749630941839, 0.98057064552439677, 0.98458488228004948, 0.98172117379705559, 0.96877189470523473, 0.97740196805617363, 0.97676717745921904, 0.94166666666666665, 0.9797654974521347, 0.9882176734897653, 0.97689570490653033, 0.97314930991217052, 0.97724046791640162, 0.98268633157401475, 0.99140372670807442, 0.99232255188468976, 0.98763197586726992, 0.96153067422555172, 0.99442896935933156, 0.98752423082658181, 0.99458008055293123, 0.98687350835322185, 0.96972941405489588, 0.9960206923995224, 0.99049410832755724, 0.98450774612693659, 0.93978921005948046, 0.99422425811591308]
Loss per recording step = [92075.734, 2.543071, 2.4098814, 2.3380949, 2.3242593, 2.3471503, 2.2259967, 2.2597406, 2.1829667, 2.1704409, 2.1952569, 2.0323858, 2.1460037, 2.0239959, 2.0510647, 1.9414251, 1.9458282, 2.1481564, 1.8936311, 1.8074409, 1.8623992, 1.759407, 1.8165413, 1.8092979, 1.7027078, 1.5437024, 1.5687695, 1.5870144, 1.5526325, 1.5036882, 1.4198996, 1.3872031, 1.3195348, 1.4801491, 1.3181145, 1.3802743, 1.2131439, 1.3021077, 1.3222425, 1.1291792, 1.0511065, 1.0062199, 1.037531, 0.93576694, 0.98841941, 0.80518878, 0.84506404, 0.79573864, 0.78302121, 0.72982985, 0.68829143, 0.6200667, 0.62589794, 0.55546135, 0.54919577, 0.44313693, 0.4440833, 0.35036865, 0.29814562, 0.29484823, 0.35031298, 0.20458071, 0.23478562, 0.63813007, 0.12080364, 0.17423251, 0.10128532, 0.14556774, 0.15188393, 0.10549512, 0.12881503, 0.030747497, 0.054299712, 0.063061923, 0.03580305, 0.10859865, 0.010621682, 0.067899778, 0.045825031, 0.050493468, 0.13061114, 0.040342391, 0.052241366, 0.081889264, 0.11061031, 0.029633533, 0.030744649, 0.015136817, 0.038960677, 0.0074499715, 0.084137119, 0.040733963, 0.013331432, 0.019010535, 0.037806913, 0.10543072, 0.0038695317, 0.014647438, 0.080533467, 0.12327815]
Validation F1 score     = 0.8735447303921569
Test F1 score           = 0.9066049178520234
CONV_ARCH               = [2, 4, 4, 6]
IMG_PATCH_SIZE          = 16
IMG_BORDER              = 16
IMG_TOTAL_SIZE          = 48
VALIDATION_TRAIN_PERC   = 0.6
VALIDATION_VAL_PERC     = 0.3
VALIDATION_TEST_PERC    = 0.1
################################################################################
################################################################################

