On Thu Dec 15 15:09:35 2016:
NUM_CHANNELS            = 3
PIXEL_DEPTH             = 255
NUM_LABELS              = 2
TRAINING_SIZE           = 100
SEED                    = 43212
EVAL_BATCH_SIZE         = 64
BATCH_SIZE              = 64
NUM_EPOCHS              = 100
ROTATE_IMAGES           = False
RESTORE_MODEL           = False
TRAIN_PREDICTIONS       = False
TEST_PREDICTIONS        = False
ENABLE_RECORDING        = False
RECORDING_STEP          = 1000
LEARNING_RATE           = 0.001
Last epoch              = 100
Validation F1 per epoch = [0.86621930325528262, 0.84975465378923598, 0.87041271507290918, 0.87742079928355532, 0.83039665298897747, 0.85080438972583894, 0.88999520595936132, 0.86117429353483166, 0.87263556116015129, 0.87664241916441332, 0.85337829889023975, 0.88288086992142401, 0.85982181068357777, 0.8821702525724977, 0.85921783370227978, 0.84890617022112258, 0.87989111942837706, 0.85299071644012692, 0.86000077540417941, 0.849964725248883, 0.86917397323488699, 0.8786460478526229, 0.86618193069306926, 0.86515508517130824, 0.85245901639344268, 0.86078499748149873, 0.85826374053214216, 0.88746220745772841, 0.87275098783903016, 0.85778501123769668, 0.83363566735195715, 0.85228962818003906, 0.87058733732778693, 0.87483987642227412, 0.84562539481996213, 0.87126894229297414, 0.87685959798614532, 0.84349415785708615, 0.86403997693638301, 0.84083511947289036, 0.85070400377566269, 0.86999238385376998, 0.8665099973032323, 0.88212129167760567, 0.82778091473743642, 0.86556042098793884, 0.84871895940086706, 0.8686341482135318, 0.87846818096489576, 0.86621996303142323, 0.87079336074310953, 0.87596081386586278, 0.85337816703159219, 0.84959173208157479, 0.86117482408739254, 0.84747228555704068, 0.87525932631737757, 0.86064081205687493, 0.86302740991684634, 0.84460913220176903, 0.87480081948554522, 0.86581016299137115, 0.86102929778328929, 0.85726532361765961, 0.86912403428527496, 0.84734269042737731, 0.85913192283758555, 0.87614939266659109, 0.83370270379175571, 0.8749526622737257, 0.86425845252322753, 0.86451464499309916, 0.8531894934333959, 0.85681951219512198, 0.84150658234896392, 0.87563652823356342, 0.85442049359575134, 0.87552574741389111, 0.88055039047973227, 0.85499922251593852, 0.84042340722987818, 0.86174632138836049, 0.85167764189401074, 0.84790154622909431, 0.88145080040300017, 0.86822476379910496, 0.86312461443553368, 0.84694038068271205, 0.86752512322800046, 0.87972148392168614, 0.87570897344401455, 0.86925254379925021, 0.8722836446816622, 0.85568946627015186, 0.87837888926694641, 0.86576434952647519, 0.85302751575404123, 0.85518858706273215, 0.8623412821306905, 0.86306445387881126]
Training F1 per epoch   = [0.81582682753726055, 0.89320981370253494, 0.91579564325485985, 0.9381024612222929, 0.9391909435529936, 0.96253426743831849, 0.97335945151811953, 0.97759816394751275, 0.98284008952996771, 0.98765186217884882, 0.98624774141738603, 0.98658777120315588, 0.97349957094543438, 0.98792079207920791, 0.99148194271481949, 0.98964741185296323, 0.99335712869323811, 0.99371194730012979, 0.99382039270407652, 0.99116016580931932, 0.99517052526761263, 0.9920854768500198, 0.99651429140523862, 0.99502239920358393, 0.99120087991200878, 0.99571457046043454, 0.99382900368269134, 0.99154344493348512, 0.99771121504627325, 0.99631950661494073, 0.99308686504358279, 0.99495731189774839, 0.9965649425001244, 0.99405705229793972, 0.99655774507358441, 0.9981096408317579, 0.9952371502282199, 0.99420231907237111, 0.99746382216917806, 0.99590695817110908, 0.99750896771622166, 0.99667246088899919, 0.99840685054266654, 0.99459995045826111, 0.99630406552791928, 0.99800995024875616, 0.99500549395664772, 0.99880585132849031, 0.99568088169587454, 0.9978100736611587, 0.99632243315773772, 0.99756473336315288, 0.99850493371872817, 0.99495781538615147, 0.99621438533572426, 0.9962140081697719, 0.995981943548787, 0.99830761572921856, 0.99835861725938813, 0.99675567756426253, 0.99657210989120171, 0.99597475525518053, 0.99860627177700345, 0.99726000099636336, 0.99771280827366748, 0.99666085223025169, 0.99751045608444533, 0.99791273233277011, 0.99665384807471402, 0.9981103928393833, 0.99786037717072207, 0.99771235329222197, 0.99761051373954601, 0.9985058272736328, 0.99715583054737789, 0.99479605491401091, 0.99721032180930558, 0.99840938463067896, 0.99465028729938587, 0.99770916334661353, 0.99454700085046777, 0.99855556108980426, 0.99785717845218525, 0.9975567190226875, 0.99642786267116501, 0.99915427093179443, 0.99870505030381518, 0.99711155378486038, 0.99815947868477339, 0.99672391541745264, 0.99578352100798651, 0.99751293274970154, 0.9984580950012435, 0.99800657829163752, 0.99905486743272143, 0.99527010206621858, 0.99780548628428933, 0.99870556606591654, 0.99880501892053386, 0.99880561361600484]
Loss per recording step = [17.18737, 4.9865828, 3.1096466, 2.1534162, 1.4934671, 0.99344563, 0.89686215, 0.63880086, 0.53712666, 0.47528124, 0.38623992, 0.33714771, 0.30956295, 0.32969522, 0.27552521, 0.33202812, 0.30218565, 0.29244536, 0.29642928, 0.2563642, 0.30525625, 0.26657856, 0.30072129, 0.22740075, 0.25055033, 0.2922557, 0.3000679, 0.26776183, 0.32015687, 0.22143364, 0.2968511, 0.24219063, 0.22673786, 0.24480414, 0.24868584, 0.28128922, 0.24013846, 0.21908464, 0.21499211, 0.27058113, 0.22294492, 0.23624688, 0.24997902, 0.22226471, 0.21484447, 0.33784518, 0.20302555, 0.21104524, 0.20604096, 0.20491709, 0.25655138, 0.27643842, 0.230737, 0.19947457, 0.18514132, 0.19064148, 0.20800723, 0.21475965, 0.24212658, 0.18533032, 0.19820417, 0.19361712, 0.19683638, 0.22276497, 0.18237069, 0.21666397, 0.19792426, 0.18530908, 0.2368553, 0.1958144, 0.18154338, 0.19043861, 0.18343323, 0.21417269, 0.18212949, 0.19229406, 0.19858554, 0.21323128, 0.18982945, 0.19166705, 0.19034649, 0.28262782, 0.22162332, 0.20543526, 0.19511373, 0.21002357, 0.17954683, 0.1920982, 0.21857418, 0.20947839, 0.18891893, 0.19688243, 0.20751373, 0.17715234, 0.1804564, 0.2142396, 0.19354653, 0.18574482, 0.18496495, 0.19433513]
Validation F1 score     = 0.8630644538788113
Test F1 score           = 0.8797838811346241
CONV_ARCH               = [1, 1]
IMG_PATCH_SIZE          = 16
IMG_BORDER              = 16
IMG_TOTAL_SIZE          = 48
VALIDATION_TRAIN_PERC   = 0.6
VALIDATION_VAL_PERC     = 0.3
VALIDATION_TEST_PERC    = 0.1
################################################################################
################################################################################

On Thu Dec 15 16:48:01 2016:
NUM_CHANNELS            = 3
PIXEL_DEPTH             = 255
NUM_LABELS              = 2
TRAINING_SIZE           = 100
SEED                    = 43212
EVAL_BATCH_SIZE         = 64
BATCH_SIZE              = 64
NUM_EPOCHS              = 100
ROTATE_IMAGES           = False
RESTORE_MODEL           = False
TRAIN_PREDICTIONS       = False
TEST_PREDICTIONS        = False
ENABLE_RECORDING        = False
RECORDING_STEP          = 1000
LEARNING_RATE           = 0.001
Last epoch              = 100
Validation F1 per epoch = [0.85683829016096358, 0.81555519585626413, 0.88466137623654761, 0.85466749921948171, 0.86652011261521855, 0.89419392867668723, 0.86429430711319799, 0.90201634877384196, 0.88168557536466774, 0.88926237161531285, 0.85641944531006553, 0.89210711507833629, 0.84528003166435783, 0.90691758146018475, 0.89205793647838549, 0.83970994751812833, 0.89683470105509966, 0.88236620565243529, 0.86374508139804029, 0.87185803918549609, 0.89757422290726263, 0.86189516129032273, 0.87408654397979868, 0.89973194233137721, 0.8599305311634079, 0.88770449330076251, 0.85258491014171489, 0.88415525970373154, 0.8700887688151292, 0.88684083392173629, 0.87879939209726443, 0.894809404926035, 0.87373891776215218, 0.86269631472554809, 0.90013460908793241, 0.87284252329311129, 0.89824250479988177, 0.88103474206647614, 0.88801498127340828, 0.87499522006806618, 0.89322321362731361, 0.87640621412719066, 0.86073086073086069, 0.89346627223257002, 0.87794089609151571, 0.86378348867137245, 0.8898889888988899, 0.87638475055390019, 0.87226459203617823, 0.89862355254533544, 0.86510366208099199, 0.88838522701939504, 0.84700770294291916, 0.8633475799930691, 0.89188787270429026, 0.88737828403453978, 0.8910876246158459, 0.84730396055352319, 0.8845952612302862, 0.84960883205591509, 0.89767424771282667, 0.83174042245602753, 0.87245387241551264, 0.88989622747536801, 0.88589897775105231, 0.87254864335879034, 0.87271192294408839, 0.88813635850547468, 0.84062837270655955, 0.85545722713864303, 0.87152644138249546, 0.87787852346447137, 0.88567009920410389, 0.87921030819079193, 0.8758817921830313, 0.86413841044257356, 0.88513589083995081, 0.87948301273572416, 0.87831094049904035, 0.88557101383704695, 0.86711014851485146, 0.84984227129337531, 0.88522018451424933, 0.87365870543440638, 0.86997763553636165, 0.86370335893258876, 0.88053905893101869, 0.87870619946091644, 0.85847540662355482, 0.86823855755894586, 0.89167004085839441, 0.86107770493075231, 0.85410227317187692, 0.87632401127790904, 0.87185803918549609, 0.89557287836446531, 0.87192587791207532, 0.87285223367697606, 0.89464298982093771, 0.86571328915242418]
Training F1 per epoch   = [0.77678997354612089, 0.83450499497859287, 0.86345661781809724, 0.89148323390248918, 0.91081632653061229, 0.92593676814988279, 0.92633951439401707, 0.93926776740847084, 0.95108020859200393, 0.9641808573106283, 0.95895673271330362, 0.96862821512081054, 0.95948631707689958, 0.92089435746751758, 0.98066679818504643, 0.97333265606745567, 0.9804210940574577, 0.97679262124367749, 0.9768, 0.97775556110972273, 0.97809145713865597, 0.98438282110321362, 0.98717244821562278, 0.97096883633015074, 0.98782260085191687, 0.98392821928613683, 0.98949907049188568, 0.98658880585935571, 0.98552460816611764, 0.98689267763871091, 0.98970405371798065, 0.98991197705469292, 0.98303234768803327, 0.98752817430503381, 0.97734690894918885, 0.98840622978554005, 0.99051758198340578, 0.99142673075970056, 0.99310070978309428, 0.99231690281380969, 0.98851141462452541, 0.99646572751256901, 0.99570644033949085, 0.96666666666666667, 0.99661253362558533, 0.99009306514560191, 0.99334789515488486, 0.99606554111260526, 0.99377954715103256, 0.98235467111067543, 0.99666318043727264, 0.99169796402451071, 0.97092582292562069, 0.98817450064593071, 0.99598034836980798, 0.97994606521206173, 0.99687080911935622, 0.99204164372591219, 0.98918785485065408, 0.99499949994999493, 0.98919958573753508, 0.9821230178769822, 0.99721032180930558, 0.99404348257718644, 0.99523431294678322, 0.99716149594143721, 0.99317831001344414, 0.99850820487319747, 0.98670293139921428, 0.99081740177630595, 0.99625729826837672, 0.99557412104033027, 0.99285643417005653, 0.99572607096710086, 0.99516811955168127, 0.99266064206900007, 0.98629731861198733, 0.99338604604903269, 0.99755769326621135, 0.99726327312534213, 0.996409693826668, 0.99038750375488138, 0.99085923217550276, 0.99865504358655055, 0.9963158418799164, 0.99485950990667271, 0.99621928166351603, 0.99627255106605039, 0.9980059820538385, 0.9973591110668194, 0.98705390105833135, 0.99192744668128363, 0.98922899654325935, 0.99900447984071672, 0.99481193255512324, 0.99119770546929098, 0.99631877425131832, 0.99343805925631334, 0.9898361949871719, 0.99770687936191416]
Loss per recording step = [150.33221, 4.0069418, 3.4018898, 3.1425333, 2.7521169, 2.371114, 2.1348898, 1.9525626, 1.75931, 1.6921029, 1.4472287, 1.243358, 1.1063337, 1.0965565, 0.9996137, 0.70434833, 0.62260914, 0.55147207, 0.5249657, 0.43116447, 0.34837687, 0.3497057, 0.22563982, 0.18803918, 0.15344682, 0.16770869, 0.13621598, 0.29183388, 0.10410041, 0.070942961, 0.099853829, 0.064976886, 0.0387371, 0.1001986, 0.090535812, 0.076993465, 0.034822579, 0.044376478, 0.26224673, 0.063181691, 0.026709311, 0.045489129, 0.024203412, 0.023498449, 0.07499297, 0.029930223, 0.15451927, 0.030714348, 0.030860808, 0.033028323, 0.029633291, 0.049819, 0.089349374, 0.38986292, 0.034077857, 0.0325725, 0.20699137, 0.022248078, 0.03857594, 0.16081586, 0.026512042, 0.022511056, 0.026692793, 0.0536111, 0.089431629, 0.027622638, 0.020859798, 0.12367289, 0.022081893, 0.063647404, 0.038593896, 0.027683884, 0.060386855, 0.060481451, 0.10886165, 0.059148997, 0.046635188, 0.046772592, 0.12432557, 0.023836987, 0.025803085, 0.020895302, 0.076299623, 0.035976566, 0.020843677, 0.032482445, 0.025603753, 0.023319893, 0.031534113, 0.023824567, 0.023572296, 0.098593816, 0.49256089, 0.18912141, 0.020814655, 0.025921509, 0.022939004, 0.029276382, 0.029635496, 0.072220646]
Validation F1 score     = 0.8657132891524242
Test F1 score           = 0.8836945421536365
CONV_ARCH               = [2, 2, 4]
IMG_PATCH_SIZE          = 16
IMG_BORDER              = 16
IMG_TOTAL_SIZE          = 48
VALIDATION_TRAIN_PERC   = 0.6
VALIDATION_VAL_PERC     = 0.3
VALIDATION_TEST_PERC    = 0.1
################################################################################
################################################################################

