On Thu Dec 15 13:43:14 2016:
NUM_CHANNELS            = 3
PIXEL_DEPTH             = 255
NUM_LABELS              = 2
TRAINING_SIZE           = 100
SEED                    = 43212
EVAL_BATCH_SIZE         = 64
BATCH_SIZE              = 64
NUM_EPOCHS              = 100
ROTATE_IMAGES           = False
RESTORE_MODEL           = False
TRAIN_PREDICTIONS       = False
TEST_PREDICTIONS        = False
ENABLE_RECORDING        = False
RECORDING_STEP          = 1000
LEARNING_RATE           = 0.001
Last epoch              = 100
Validation F1 per epoch = [0.81550566110151601, 0.84670762504240327, 0.7801465413751707, 0.86190951799652271, 0.85464349006447726, 0.79702216920988778, 0.81474900044424703, 0.86518179806770423, 0.81136741395386547, 0.7906069783844335, 0.84347859651831558, 0.84590763603109298, 0.83007103393843729, 0.86793416779184773, 0.83104373914416552, 0.81677897842816705, 0.8492194392236585, 0.84676582497405739, 0.80487408610885458, 0.84486581542931427, 0.84699495335678243, 0.83193999531213381, 0.83901156270544097, 0.85420539474183388, 0.84445802926680158, 0.82270892920111272, 0.82634211666469737, 0.83206466295220904, 0.85170698363270414, 0.83970707892595609, 0.83946810560801699, 0.86133124976745912, 0.83818745158791619, 0.8341019182329007, 0.831453634085213, 0.82090024523376326, 0.81514140451223382, 0.81445745017399562, 0.83629783629783627, 0.83500974658869398, 0.85063655653228243, 0.83409744346880088, 0.82332991560848645, 0.82612463562593552, 0.83796421532635157, 0.83648309178743951, 0.8237238773662876, 0.81482366053658162, 0.81671745755333047, 0.83935804356132981, 0.81842925328389404, 0.84966331240069604, 0.80722940063599413, 0.83463955924575151, 0.80464872281183164, 0.84341418483266806, 0.81365247520809281, 0.83179669946540635, 0.85401678657074342, 0.83686685683447692, 0.82741632780731944, 0.84250228588844867, 0.82330249950797074, 0.82880562060889928, 0.8125399361022364, 0.83368095789880259, 0.8459674365770542, 0.79985405602626991, 0.7973033342809569, 0.83274736313410347, 0.82010018538240048, 0.83974138260836295, 0.86083469478687058, 0.82380561098720506, 0.82213252870410281, 0.80784470682409448, 0.80837294770902413, 0.82402125498163625, 0.82833385141436122, 0.80387331047004251, 0.81986206896551728, 0.8170499603489294, 0.81831504733235627, 0.81538522605485653, 0.82237541855426421, 0.81270170126299868, 0.81650397186104418, 0.80952570586595529, 0.82375103017934936, 0.82311348548532814, 0.82284464236884247, 0.82213066509711585, 0.82830563232260324, 0.81754995655951357, 0.82270058708414873, 0.81502206809583855, 0.83548684817720353, 0.82814930015552102, 0.81767912157358402, 0.8313220286368399]
Training F1 per epoch   = [0.77179783950617276, 0.80614018150222044, 0.79201657759842947, 0.83055911224925316, 0.84362501219393227, 0.82486922406277263, 0.84432380648251648, 0.8647154161502526, 0.85127159566477095, 0.85858585858585867, 0.88839667757362195, 0.88807593434842791, 0.88690877065741081, 0.90172048079189249, 0.92279222781947168, 0.9254239035200742, 0.93841142570784275, 0.94199142828665405, 0.93350717079530643, 0.9554001091432256, 0.95351147313002871, 0.9515281876844579, 0.96140210715534025, 0.96657945401589573, 0.97365554124987619, 0.96411231793383045, 0.97027108737277035, 0.96750138559983867, 0.97573511242895961, 0.97156064717113866, 0.95985529819625182, 0.96943657845913478, 0.98190904547726121, 0.98108688058286342, 0.97883464883615701, 0.98285370500350955, 0.97645936856899063, 0.98001302409457502, 0.98527363184079608, 0.98448181228481624, 0.9867684226175728, 0.9900812440811444, 0.98890000000000011, 0.98346650585456541, 0.98462304055735261, 0.98567649847781613, 0.98745313671582102, 0.9887280196382946, 0.98489244622311145, 0.99113114997770402, 0.98897480668495885, 0.98759551453805694, 0.97963103361132176, 0.98939084524580367, 0.9807906177332929, 0.99000745712155114, 0.98903849041493574, 0.99064955734606586, 0.98560157790927028, 0.99110205299000853, 0.993667414609823, 0.99103205668136551, 0.99131303045431851, 0.98741230907010302, 0.98819273476360348, 0.99108432534741242, 0.9858292598627364, 0.98515573894228348, 0.99067108034908213, 0.99077563975401706, 0.99357217599282477, 0.99201270030262434, 0.98147875214934899, 0.99596513075965132, 0.9927677190882338, 0.99380247900839669, 0.99029126213592222, 0.99406572582655961, 0.99397920087575264, 0.98449144008056388, 0.99276844047678414, 0.99178109652200064, 0.9897979595919183, 0.99601116872756279, 0.99251721041604313, 0.9912372940764107, 0.99396418416720711, 0.99200799200799206, 0.99391460494812456, 0.99366551947728066, 0.99473422752111285, 0.99646220539139962, 0.99492284718765556, 0.99326448136506507, 0.99019363830952267, 0.99427319356605748, 0.99404407385348426, 0.99280003972391873, 0.99466467215158316, 0.99532012346908305]
Loss per recording step = [3.2761817, 1.0140587, 0.81598103, 0.75997734, 0.64548314, 0.49288991, 0.47438788, 0.48511907, 0.42588052, 0.35244584, 0.42107618, 0.33655339, 0.32221794, 0.33995718, 0.32442421, 0.3204779, 0.2543658, 0.28408554, 0.24303219, 0.21751004, 0.21408185, 0.23150617, 0.26639324, 0.1896008, 0.20025656, 0.19758637, 0.20402592, 0.1750782, 0.22242656, 0.15924026, 0.22702727, 0.18313429, 0.20243832, 0.16240947, 0.1795305, 0.26342294, 0.20842659, 0.19492078, 0.20531386, 0.20257972, 0.17201689, 0.19479051, 0.18098125, 0.14928113, 0.15426528, 0.15968457, 0.16729882, 0.14076164, 0.13776398, 0.2365824, 0.14082325, 0.1476381, 0.18764377, 0.12269723, 0.16379377, 0.17320937, 0.17650634, 0.14031392, 0.18218049, 0.14883135, 0.24928206, 0.16318733, 0.18114775, 0.15740606, 0.13044526, 0.15970996, 0.12797756, 0.12761062, 0.17896959, 0.12300081, 0.1665401, 0.11394897, 0.11730473, 0.212235, 0.13515677, 0.098280758, 0.15985037, 0.11528106, 0.13944136, 0.10047669, 0.12558489, 0.13521031, 0.094487414, 0.18436895, 0.11569359, 0.11977712, 0.19078036, 0.1463595, 0.16085422, 0.11361292, 0.15696195, 0.093697198, 0.099090241, 0.10244271, 0.10277304, 0.0981609, 0.11190329, 0.11992023, 0.12251332, 0.10620968]
Validation F1 score     = 0.8313220286368399
Test F1 score           = 0.8396449039217889
CONV_ARCH               = [1, 1]
IMG_PATCH_SIZE          = 16
IMG_BORDER              = 0
IMG_TOTAL_SIZE          = 16
VALIDATION_TRAIN_PERC   = 0.6
VALIDATION_VAL_PERC     = 0.3
VALIDATION_TEST_PERC    = 0.1
################################################################################
################################################################################

On Thu Dec 15 13:59:03 2016:
NUM_CHANNELS            = 3
PIXEL_DEPTH             = 255
NUM_LABELS              = 2
TRAINING_SIZE           = 100
SEED                    = 43212
EVAL_BATCH_SIZE         = 64
BATCH_SIZE              = 64
NUM_EPOCHS              = 100
ROTATE_IMAGES           = False
RESTORE_MODEL           = False
TRAIN_PREDICTIONS       = False
TEST_PREDICTIONS        = False
ENABLE_RECORDING        = False
RECORDING_STEP          = 1000
LEARNING_RATE           = 0.001
Last epoch              = 100
Validation F1 per epoch = [0.83800028284542494, 0.79271910833132864, 0.80720432259355623, 0.85066825953856484, 0.85923149015932532, 0.83663192411289378, 0.79664758789861001, 0.84893230349840976, 0.82990624753801312, 0.79651352231997397, 0.82491767288693751, 0.82461707211971635, 0.82407662895660061, 0.85783879539415397, 0.83493736633058357, 0.81048801708455265, 0.83321104460320528, 0.82058568158497125, 0.81119544592030357, 0.84681414256003029, 0.82668111958499468, 0.83919444656342979, 0.8412434920395383, 0.83101239114589331, 0.78316884832968581, 0.81590980763166188, 0.8275781432691558, 0.80232746080491346, 0.8175948029585568, 0.82279817051718085, 0.83689417561689183, 0.83162733207153616, 0.7904897378581589, 0.82821943282194321, 0.84607627086990633, 0.81405690449018153, 0.80797347501298289, 0.81272419094170045, 0.78691336845974758, 0.85281755625813649, 0.81766526901524361, 0.83582773365913265, 0.81863999379700714, 0.81186943620178043, 0.81345662010623654, 0.84118200639939766, 0.81750098541584548, 0.82088674585440435, 0.82361583668419425, 0.83054874310239113, 0.8172473320778405, 0.83793116533222023, 0.82098765432098764, 0.82587296050846792, 0.77662887753830823, 0.78843412746894737, 0.80017570481590916, 0.80650835532102028, 0.83569254185692532, 0.80470831510716978, 0.81184065501495828, 0.84481978585432072, 0.81499290556519, 0.81858823529411773, 0.82024777085141631, 0.82762888192752437, 0.82475347464865278, 0.81078077243678792, 0.82724097788125728, 0.82987970508343034, 0.8280557068388702, 0.80305220883534145, 0.82006363172159147, 0.81172114504120707, 0.78965855252409745, 0.81648412260657155, 0.81995354147801103, 0.81795042487371272, 0.82744780209177571, 0.81790740522952676, 0.84284427091154823, 0.7920447180816591, 0.82727237369219409, 0.83128645993245309, 0.8305261129312006, 0.82259639801539242, 0.81505689648383672, 0.79445429630823794, 0.81079999999999997, 0.83776282270636104, 0.82285446669008311, 0.82923809155283823, 0.82423678187672145, 0.80862726406101049, 0.84086936697317427, 0.82899773455198811, 0.81390754642433816, 0.80940801275662733, 0.82993355868982399, 0.82481494536482203]
Training F1 per epoch   = [0.74019420769198152, 0.77527860137000293, 0.7945018624416349, 0.81475480150598101, 0.83344643722733869, 0.8374802023195218, 0.82569005563657971, 0.86867894943159552, 0.87314934227495489, 0.8820707470082767, 0.90606276023154253, 0.88785187415324396, 0.90836490222176713, 0.92249617737003065, 0.93916049382716038, 0.94494302712513856, 0.95249900833002787, 0.94253336691009815, 0.96107693859029952, 0.96297386101711535, 0.96953101662849739, 0.9757132984499951, 0.97073051551429268, 0.97548680438865276, 0.9696259300784833, 0.97477052716055579, 0.98690173813436932, 0.97998891073138761, 0.98221314334113896, 0.96821099077416772, 0.97888999008919719, 0.99031633311814071, 0.9767559373420921, 0.98533432761620687, 0.97921772375257321, 0.9860125886701967, 0.98475120385232728, 0.97561462125367771, 0.97663857914122809, 0.98157946306094457, 0.98795420607267281, 0.98756625551097255, 0.98401385795595142, 0.98908547221530019, 0.98560971966339683, 0.98512315270935957, 0.99087600339033743, 0.99047524061237724, 0.98751305905178843, 0.98808169724543782, 0.99035113896349347, 0.98723025143535936, 0.99198406771222303, 0.9948248407643312, 0.97970955826544559, 0.98872350022553002, 0.98623715966889403, 0.99350064993500642, 0.98686808846761453, 0.98806968501971737, 0.98979134505253719, 0.99207920792079196, 0.99467370202598449, 0.99161760303362934, 0.99297073632783284, 0.99047807974608215, 0.97430555555555554, 0.98719359679839913, 0.99433624801271858, 0.99230654688042885, 0.99418517966303876, 0.99370566490158851, 0.99303551885384544, 0.99234349196817295, 0.98813831926015283, 0.99296442293298737, 0.99566538787305059, 0.99213852124589508, 0.99090683229813659, 0.99577093387730731, 0.97918303220738423, 0.98665462572747342, 0.99407989652256101, 0.99290850483511028, 0.99359642591213693, 0.99487128417069171, 0.98685591483832269, 0.99164456896983044, 0.99365285621470356, 0.99193747835979618, 0.99442453205894066, 0.99333929814096822, 0.99711557589019295, 0.99237021891986243, 0.99005295194734499, 0.99761027581399975, 0.99317627135528219, 0.9942583254281292, 0.99338736140804451, 0.99506996663512781]
Loss per recording step = [22.295071, 0.93379974, 0.86258233, 0.79987955, 0.70972228, 0.64356929, 0.5670712, 0.5157361, 0.51533359, 0.38726479, 0.43444115, 0.35511446, 0.32433075, 0.26588449, 0.32751033, 0.20089252, 0.18485096, 0.18545511, 0.17874071, 0.097387359, 0.15451117, 0.08537674, 0.13155027, 0.085233808, 0.089087874, 0.11402503, 0.049121369, 0.023289163, 0.039166648, 0.049038544, 0.077700876, 0.037111677, 0.011870764, 0.11274529, 0.048418272, 0.01288596, 0.012790472, 0.03175417, 0.10074745, 0.044525143, 0.044194061, 0.02499361, 0.044682775, 0.079703011, 0.043852363, 0.071839646, 0.010014411, 0.039062206, 0.016301148, 0.047136225, 0.018314216, 0.040757399, 0.052678168, 0.017179923, 0.018398002, 0.058425996, 0.06741783, 0.037927326, 0.013167039, 0.084616147, 0.01016657, 0.011290297, 0.024928391, 0.021448303, 0.029857229, 0.013688206, 0.011408703, 0.029471079, 0.030396532, 0.015417818, 0.016089236, 0.0082823569, 0.018449757, 0.0059199389, 0.0060927663, 0.016702874, 0.011204333, 0.0090250643, 0.012288411, 0.020846115, 0.0078135757, 0.015220548, 0.098515861, 0.012439479, 0.0050741951, 0.01152783, 0.014455314, 0.020625398, 0.020256447, 0.0091594458, 0.023482824, 0.0036471456, 0.051543407, 0.0053079873, 0.0098821726, 0.031188177, 0.0049450519, 0.028100351, 0.012721555, 0.014179527]
Validation F1 score     = 0.824814945364822
Test F1 score           = 0.8371254787114214
CONV_ARCH               = [2, 2, 4]
IMG_PATCH_SIZE          = 16
IMG_BORDER              = 0
IMG_TOTAL_SIZE          = 16
VALIDATION_TRAIN_PERC   = 0.6
VALIDATION_VAL_PERC     = 0.3
VALIDATION_TEST_PERC    = 0.1
################################################################################
################################################################################

On Thu Dec 15 14:24:03 2016:
NUM_CHANNELS            = 3
PIXEL_DEPTH             = 255
NUM_LABELS              = 2
TRAINING_SIZE           = 100
SEED                    = 43212
EVAL_BATCH_SIZE         = 64
BATCH_SIZE              = 64
NUM_EPOCHS              = 100
ROTATE_IMAGES           = False
RESTORE_MODEL           = False
TRAIN_PREDICTIONS       = False
TEST_PREDICTIONS        = False
ENABLE_RECORDING        = False
RECORDING_STEP          = 1000
LEARNING_RATE           = 0.001
Last epoch              = 100
Validation F1 per epoch = [0.65649324948326659, 0.74287556934983268, 0.7658025639988677, 0.78590764331210183, 0.8207422008263523, 0.80208580232282523, 0.76339694974581218, 0.85317952836387523, 0.77697245806585213, 0.7948987854251014, 0.83402316309094349, 0.75986205736394985, 0.83918498906411876, 0.85249521566318265, 0.81535034585173316, 0.81540535336029263, 0.85922813225699446, 0.81916271040138111, 0.78261226163625175, 0.85244560163660021, 0.82633042252418054, 0.83330762110459733, 0.80685949107001742, 0.81553857064061142, 0.82992469131082991, 0.7814688895260723, 0.82019714029687929, 0.82441438983513271, 0.80937610428363893, 0.82632751863521103, 0.80493237867939527, 0.82579291044776115, 0.81502530167380305, 0.81945794610568889, 0.7977961875653502, 0.78728150221032556, 0.80952005052099785, 0.82336998606163858, 0.79542709926736976, 0.81154834882341309, 0.8151330049261083, 0.77580393124434566, 0.84167976644958453, 0.76387854719947046, 0.81490830211003751, 0.83038285780115972, 0.82178909768597597, 0.82383839944382209, 0.82205278592375364, 0.81198802772526779, 0.79481274996970075, 0.81294427208105868, 0.81860573560270466, 0.80586487021993281, 0.81091756527234682, 0.80508845160007947, 0.83845398958254691, 0.80367458279845949, 0.80275796102188024, 0.80330684132752916, 0.82791668276848163, 0.82018579751220289, 0.81040921732220905, 0.83952766633865727, 0.81613193168939768, 0.81390977443609025, 0.80765277887580056, 0.80677480916030542, 0.83714415505754081, 0.8221807725188468, 0.81643835616438354, 0.81898108171756012, 0.81469939955916992, 0.78782742059167776, 0.80687914168507424, 0.82506366231962347, 0.82986854173035762, 0.7821665378513607, 0.83407901721392286, 0.79725444547023638, 0.79670198358958022, 0.78524470416362313, 0.83325774754346194, 0.83279742765273324, 0.7951411161000641, 0.83177927239376337, 0.81340958390849927, 0.82599645362732244, 0.82675920570657413, 0.81817120168165358, 0.81114429424709211, 0.82698015031798022, 0.8254372755704853, 0.83386801099908336, 0.82133811323695594, 0.82045920935455152, 0.8069660425261822, 0.80128824476650562, 0.82945078679419937, 0.81327209375989862]
Training F1 per epoch   = [0.62947146580888469, 0.69647696476964771, 0.72822838297433767, 0.76071683127991041, 0.79041686631528507, 0.80052387668748748, 0.78347516966497899, 0.8184448629035963, 0.81876970765859647, 0.84148380355276908, 0.83697397226952086, 0.8323935341818377, 0.86170107675590246, 0.86878968995143824, 0.88561179752889596, 0.8795269048433606, 0.88439360998203986, 0.90470919702153341, 0.87539267015706801, 0.89444258613274719, 0.91417891599737344, 0.91579728059332499, 0.92136975296244239, 0.91952870393582353, 0.93761557177615573, 0.93158222591362139, 0.94721698581208447, 0.95243798971901972, 0.94969999999999999, 0.95233371360547581, 0.95738035264483634, 0.96012330946698488, 0.96099255583126542, 0.96773234200743485, 0.97029603106561102, 0.96871050902289846, 0.97478152309612986, 0.97535577924331829, 0.97149166833969081, 0.97592888533759481, 0.97900354097052511, 0.96611288929533101, 0.97465753424657542, 0.96342886127314231, 0.98515936254980074, 0.98046585233173422, 0.97630049187658374, 0.98277568798257764, 0.98109076433121023, 0.98543495610534715, 0.97817650320044347, 0.97573179884913686, 0.98400238473767887, 0.98269758165046117, 0.98701168947946838, 0.98804940247012352, 0.97394120822495955, 0.98849539815926379, 0.98906476257052978, 0.99035819553379623, 0.99191267675514772, 0.99113104135525665, 0.98952722920406944, 0.99035656001186889, 0.98683229813664597, 0.98264803858201166, 0.992472957479687, 0.9927167514716152, 0.98039793662490793, 0.98592386994448855, 0.99083756597948414, 0.99076800239532903, 0.93414203161564546, 0.97222500752030472, 0.9786237480691613, 0.98565634583044803, 0.98333661999605593, 0.983819095477387, 0.98507462686567171, 0.9925585576586925, 0.98387499375967258, 0.95967660434562918, 0.98679067926581909, 0.98783938055293596, 0.99405505320477594, 0.99300629929070972, 0.99676214196762136, 0.99299657279094022, 0.99483358171882763, 0.98929655996415589, 0.98416650069707234, 0.991179385530228, 0.99453334658582637, 0.99400128897922757, 0.99462258514240187, 0.99110647389079343, 0.99371131962467563, 0.99561665670452293, 0.99611785785387219, 0.99646326276463271]
Loss per recording step = [287.63751, 0.7938875, 0.71987939, 0.70303428, 0.65898943, 0.61419141, 0.68654734, 0.63189185, 0.69226396, 0.55303049, 0.56530678, 0.49680895, 0.62044483, 0.48822999, 0.43016037, 0.44143245, 0.34333283, 0.37385818, 0.37245369, 0.4061121, 0.39006996, 0.32084852, 0.38967913, 0.20908067, 0.33679277, 0.19480136, 0.25658995, 0.17797633, 0.19924012, 0.29784453, 0.24714687, 0.12161938, 0.20500508, 0.13162558, 0.11419886, 0.10930783, 0.1331947, 0.095135972, 0.091799088, 0.2311378, 0.067652471, 0.044776488, 0.15991706, 0.095438272, 0.085290447, 0.043862868, 0.041103479, 0.057043198, 0.01826492, 0.024994293, 0.056165647, 0.12187606, 0.021375854, 0.013031128, 0.040964909, 0.056649271, 0.018438542, 0.072519235, 0.0088260658, 0.010359993, 0.0034839287, 0.0081798099, 0.025114093, 0.042275835, 0.035184387, 0.086417817, 0.010319335, 0.0051931003, 0.06093901, 0.10188223, 0.040529247, 0.0078351796, 0.0027326613, 0.16752172, 0.099406593, 0.069742478, 0.02876048, 0.054286104, 0.039153449, 0.048822932, 0.0048723677, 0.045154803, 0.055316165, 0.014145495, 0.029154304, 0.028125543, 0.027693111, 0.0034470421, 0.38139668, 0.020440539, 0.022572964, 0.011790812, 0.014368151, 0.010549345, 0.0091535654, 0.0036639732, 0.043382343, 0.015745882, 0.013738489, 0.0079754777]
Validation F1 score     = 0.8132720937598986
Test F1 score           = 0.8228963938179737
CONV_ARCH               = [2, 2, 4, 4]
IMG_PATCH_SIZE          = 16
IMG_BORDER              = 0
IMG_TOTAL_SIZE          = 16
VALIDATION_TRAIN_PERC   = 0.6
VALIDATION_VAL_PERC     = 0.3
VALIDATION_TEST_PERC    = 0.1
################################################################################
################################################################################

