On Thu Dec 15 13:42:37 2016:
NUM_CHANNELS            = 3
PIXEL_DEPTH             = 255
NUM_LABELS              = 2
TRAINING_SIZE           = 100
SEED                    = 43212
EVAL_BATCH_SIZE         = 64
BATCH_SIZE              = 64
NUM_EPOCHS              = 100
ROTATE_IMAGES           = False
RESTORE_MODEL           = False
TRAIN_PREDICTIONS       = False
TEST_PREDICTIONS        = False
ENABLE_RECORDING        = False
RECORDING_STEP          = 1000
LEARNING_RATE           = 0.001
Last epoch              = 100
Validation F1 per epoch = [0.83543927456518507, 0.81077820229237885, 0.79476952177309923, 0.85593921612878954, 0.85902701887930044, 0.81966426858513186, 0.8282130666031593, 0.86750549807116839, 0.80029261155815645, 0.81668329674715634, 0.843378104312555, 0.8281443618339529, 0.82797805642633227, 0.81579157676016945, 0.81657366733942782, 0.80761201220491408, 0.84810412278061997, 0.81052421765995608, 0.82113308643920879, 0.84639284631706579, 0.80058318483719426, 0.83509391925632848, 0.81829311638560875, 0.84161256228295345, 0.83263985205732782, 0.79610310533793383, 0.81687477842990508, 0.83646999961513291, 0.83359563932286673, 0.82524007620232498, 0.80530759951749098, 0.8250781762730186, 0.81562216167120793, 0.81652023846877941, 0.86004754068385458, 0.83089915933831793, 0.85258229807940422, 0.81270545368133384, 0.85571806036247255, 0.83810838798757326, 0.83227799227799237, 0.82656884171089606, 0.84037754444486557, 0.82341920374707267, 0.84177744018230161, 0.84004410478689029, 0.80441501103752755, 0.78298926507018984, 0.8079766614714462, 0.80856342537014803, 0.82559434650689412, 0.80396564180781882, 0.84059507135556655, 0.82602911253717337, 0.82945647607043271, 0.83082217973231365, 0.80425155004428694, 0.84713447231672212, 0.83217913204062788, 0.83398922553776789, 0.82161994253319881, 0.83355556402148645, 0.80864468280234458, 0.82718159919185652, 0.83994092922867192, 0.81653400583182301, 0.83048307136543564, 0.83684531989616728, 0.81516811856990812, 0.8421491045397751, 0.83112506701386224, 0.82659541511771994, 0.8401585204755615, 0.83491636223803123, 0.77874204479709064, 0.82972900042403908, 0.77581341301460827, 0.79687877081489822, 0.83831062877091789, 0.81958965490134428, 0.83246417120562444, 0.8415204900878962, 0.8192251948764151, 0.83239899478059154, 0.84100689287482389, 0.83561696118468765, 0.80821755135969597, 0.82103690892653602, 0.84412993563443361, 0.8423335997259962, 0.83300513533341058, 0.82900626678603406, 0.84792937039392469, 0.85046451133407652, 0.82786346592446547, 0.80540022367790387, 0.82939366797772496, 0.8291645726214868, 0.83730309717677498, 0.8312754015869942]
Training F1 per epoch   = [0.77138172875489575, 0.79551762056867581, 0.80310515172900498, 0.8435637808245724, 0.84960031579986184, 0.8569495758963418, 0.87902722926626486, 0.87370218264039501, 0.88081486926388741, 0.92435424354243545, 0.93050250508457766, 0.94488188976377963, 0.94805064308681675, 0.95099984735154941, 0.96510629702570327, 0.96749657725267491, 0.97149015381600867, 0.97425065379199349, 0.98077211207111825, 0.97277373697660707, 0.97101301871440193, 0.98347189231987342, 0.98319831983198325, 0.98280534069074243, 0.9804251112209591, 0.98362802881466915, 0.9857829395274329, 0.987545278618568, 0.98464890561552942, 0.99202313291454769, 0.98374024666498872, 0.98963242224316683, 0.9900029991002699, 0.988530966390745, 0.96803520479713723, 0.98964040243052098, 0.98073161189358371, 0.99277348616994765, 0.98234601804629262, 0.99444444444444446, 0.99437894841565933, 0.98970098014826602, 0.99192309598136863, 0.99507389162561577, 0.99124239275641968, 0.99222425833292072, 0.99304408747435324, 0.9866478560991585, 0.99415380002998055, 0.99409822946884063, 0.98970093087740141, 0.98659167378094714, 0.99163242065653312, 0.99531639262580973, 0.98424302296863431, 0.98939333862014278, 0.99318910256410264, 0.99326865967135214, 0.99473527366643488, 0.99354646544876879, 0.9926331508213041, 0.99138357928097443, 0.99319931993199317, 0.9946742322432931, 0.99420189305713869, 0.99365792759051197, 0.99394540942928045, 0.99434467705129481, 0.99646150012459511, 0.99424374751885669, 0.99167327517842974, 0.99726327312534213, 0.99003519904813841, 0.99791190215770109, 0.98706918238993724, 0.99453171604692781, 0.98515751211631652, 0.99015246188452888, 0.99143097726484719, 0.9958609684336508, 0.99760979982073505, 0.99597755375676622, 0.99726163803833712, 0.99736095204899666, 0.99578226566764261, 0.99281074916951761, 0.98914402921606892, 0.9973599003735989, 0.99474467030242941, 0.99355670103092775, 0.9941857575908164, 0.99780832835226152, 0.99227493314845983, 0.99396218944867853, 0.99726136533386456, 0.99725754176015957, 0.99671380203146787, 0.99517724854571665, 0.99761407694601845, 0.99840780177132049]
Loss per recording step = [4.0745878, 0.98571509, 0.77867371, 0.66192508, 0.58411217, 0.49838591, 0.48091757, 0.41741991, 0.39541909, 0.30920058, 0.24085821, 0.20134851, 0.197046, 0.21679154, 0.2190066, 0.12988028, 0.1423157, 0.10406402, 0.1336032, 0.079047084, 0.11090866, 0.10669559, 0.12513964, 0.083954327, 0.14399557, 0.10027967, 0.11700855, 0.08442086, 0.12218221, 0.068568707, 0.063670687, 0.054393999, 0.051485129, 0.066583142, 0.056657709, 0.14967288, 0.060195632, 0.09726572, 0.049416222, 0.068081245, 0.039870732, 0.099922791, 0.080989003, 0.052088074, 0.045979623, 0.069932804, 0.10817566, 0.046459481, 0.060288183, 0.042835608, 0.039243661, 0.044510983, 0.081719436, 0.080047064, 0.061082058, 0.055069044, 0.063121833, 0.041690305, 0.055532247, 0.061502561, 0.072261192, 0.053738028, 0.061252631, 0.0440007, 0.03742855, 0.033196591, 0.064627953, 0.055294484, 0.046598531, 0.042496566, 0.042687949, 0.04391288, 0.032237586, 0.039269399, 0.031498954, 0.034048866, 0.040853485, 0.035801481, 0.046440154, 0.055799831, 0.083023094, 0.039745156, 0.034117363, 0.033960596, 0.038383901, 0.073426187, 0.047323592, 0.070838258, 0.041853845, 0.042142808, 0.052522719, 0.033336408, 0.037189525, 0.052973032, 0.039196618, 0.029648807, 0.028832747, 0.035488453, 0.038665406, 0.033314981]
Validation F1 score     = 0.8312754015869942
Test F1 score           = 0.8317967168877896
CONV_ARCH               = [2, 2]
IMG_PATCH_SIZE          = 16
IMG_BORDER              = 0
IMG_TOTAL_SIZE          = 16
VALIDATION_TRAIN_PERC   = 0.6
VALIDATION_VAL_PERC     = 0.3
VALIDATION_TEST_PERC    = 0.1
################################################################################
################################################################################

On Thu Dec 15 13:52:56 2016:
NUM_CHANNELS            = 3
PIXEL_DEPTH             = 255
NUM_LABELS              = 2
TRAINING_SIZE           = 100
SEED                    = 43212
EVAL_BATCH_SIZE         = 64
BATCH_SIZE              = 64
NUM_EPOCHS              = 100
ROTATE_IMAGES           = False
RESTORE_MODEL           = False
TRAIN_PREDICTIONS       = False
TEST_PREDICTIONS        = False
ENABLE_RECORDING        = False
RECORDING_STEP          = 1000
LEARNING_RATE           = 0.001
Last epoch              = 100
Validation F1 per epoch = [0.8395336697407344, 0.75050985723997277, 0.80416369825061362, 0.83923477731715668, 0.85181825054812121, 0.80725129198966405, 0.81876484560570073, 0.83653921034187362, 0.72875831196488339, 0.80989593877798927, 0.82066748680503199, 0.82827506723011923, 0.8239100414282895, 0.84287304694997889, 0.83642534809272195, 0.79230422119210731, 0.81751533986771852, 0.81534695188024242, 0.78528217452556559, 0.85183671953348428, 0.80413369933796219, 0.81717947697329141, 0.83082319746825795, 0.85624514841237565, 0.82538317172349085, 0.81181367690782957, 0.82001186474194188, 0.81829044849836685, 0.83476132190942476, 0.81512671178970564, 0.8273314147934977, 0.83102728607868914, 0.83183986966135226, 0.80899412045129515, 0.82884905733421066, 0.81037524053880694, 0.82344698738907063, 0.8406938868267555, 0.82944178135147673, 0.83385604212645681, 0.81768653770232935, 0.80727157007040851, 0.82781972444928786, 0.81905958081482066, 0.81821036106750389, 0.83268721452423911, 0.80524900678197353, 0.819611397942695, 0.82770911626825772, 0.81095082489838211, 0.82869703925611804, 0.82329066500156112, 0.82948951509748436, 0.832045138352141, 0.81575433911882511, 0.84132047192652093, 0.81776416539050534, 0.82037786244550059, 0.83925176792639355, 0.80790601682806795, 0.82367244489763913, 0.82105263157894748, 0.80611430395913153, 0.8276373283395756, 0.8176407992748197, 0.82220671473986207, 0.81211161686127054, 0.81944334936529206, 0.82395715235153832, 0.82833365589316821, 0.82200799435692451, 0.82743293824079855, 0.82332626952358523, 0.82176433719837039, 0.81563181908351512, 0.81479430379746842, 0.79479065238558899, 0.81302296070111424, 0.83140666132539776, 0.82516402933230404, 0.81183932346723042, 0.83461227008059224, 0.83805079559363538, 0.82559500585251655, 0.83929185944251128, 0.81376903553299496, 0.8260042693576557, 0.83927073003280195, 0.83876679111658525, 0.84778952875668001, 0.84226190476190477, 0.81750325816515934, 0.80660245393869157, 0.82312473126685692, 0.8181962276113488, 0.81138619782322685, 0.84145085624928484, 0.81050701530612235, 0.83125096405984877, 0.83654031542821883]
Training F1 per epoch   = [0.73450195916683847, 0.75424750630275128, 0.78119787717968159, 0.80620004843787851, 0.82858943897590065, 0.81665004461708057, 0.8289609584796529, 0.84261599110482155, 0.79616627660760053, 0.84934819175777965, 0.85762974438419826, 0.85451866404715127, 0.86522360628956496, 0.88223966819730415, 0.89952200756821343, 0.89199451534648244, 0.91205011038660977, 0.90825355756791715, 0.90279317809810433, 0.92766527837617874, 0.93514235789906464, 0.93254329990884244, 0.93384074941451989, 0.94780312124849941, 0.96525868532866776, 0.94822365765038352, 0.96639035418236618, 0.96485397784491445, 0.96681068342498033, 0.97216423103688254, 0.97137452083437048, 0.97206537890044575, 0.97909615767469638, 0.97527458749185014, 0.98372173568848653, 0.96947953511874674, 0.98841890750037298, 0.97963800904977383, 0.98298189034978922, 0.97719934429486854, 0.98217682987884247, 0.9814185814185814, 0.98781640061663933, 0.98553606044037978, 0.98245614035087725, 0.98277138766846017, 0.98089107915116158, 0.9877122877122877, 0.98343860347142786, 0.98092943892401885, 0.97757000049733922, 0.98919161229267316, 0.98888116747741484, 0.98823412599910632, 0.9887126448212421, 0.9906653426017874, 0.98510436905295662, 0.99011376620795866, 0.9860295206595252, 0.98319327731092443, 0.99119709553886703, 0.98927826863893575, 0.99160922984716804, 0.99382531620356529, 0.98597454454704281, 0.98779519745981348, 0.99321695760598505, 0.98669855029143638, 0.98929549414986306, 0.98639928521790921, 0.99427091117421407, 0.98971019535716065, 0.99073151285628869, 0.98258743701042772, 0.97879151660664254, 0.9895563954644917, 0.98715633152719251, 0.99118218502466005, 0.98298081652729952, 0.98442367601246106, 0.99090454772613701, 0.98627421832416629, 0.9911802596373005, 0.99109939833921734, 0.99078478002378123, 0.99477065590915881, 0.99217932752179328, 0.99102583172194947, 0.98557500994826908, 0.98331697742885171, 0.99251771468212679, 0.98976688464034346, 0.98980917174542915, 0.9958679743117439, 0.99213304122684731, 0.99316810452301396, 0.99483819733968637, 0.99340725202277491, 0.99215023847376793, 0.99105456714044327]
Loss per recording step = [38.701023, 0.95864356, 0.83271605, 0.77651215, 0.75471663, 0.74925619, 0.6864056, 0.63676226, 0.56444734, 0.5100112, 0.50065535, 0.41446444, 0.42094851, 0.48257571, 0.42760748, 0.32428035, 0.3232618, 0.33820832, 0.24047543, 0.2118144, 0.22862513, 0.24963245, 0.18885775, 0.09766084, 0.15201002, 0.15048234, 0.23485267, 0.086868159, 0.085558072, 0.069456577, 0.028473586, 0.057762768, 0.051362127, 0.048097551, 0.04571899, 0.051346347, 0.044333071, 0.037313841, 0.12844731, 0.068836361, 0.095576137, 0.1076385, 0.055394348, 0.04719191, 0.10761074, 0.018492464, 0.064785533, 0.037443951, 0.017180089, 0.090766259, 0.023896858, 0.090436175, 0.029787559, 0.016426556, 0.01855395, 0.079413101, 0.017735645, 0.0092765102, 0.032450244, 0.026054431, 0.054614104, 0.022397617, 0.090273738, 0.038286284, 0.013411354, 0.030281883, 0.15469688, 0.0071930531, 0.031648055, 0.019539163, 0.039977886, 0.0056414325, 0.019185904, 0.0077111656, 0.086895347, 0.051238045, 0.028612737, 0.0037842006, 0.17926402, 0.020456081, 0.030023959, 0.030766973, 0.010230344, 0.014190431, 0.05736677, 0.0093013523, 0.023920236, 0.043073565, 0.020382939, 0.021253269, 0.046917647, 0.0095975194, 0.030660139, 0.0060341451, 0.0048244251, 0.0045856512, 0.0059101451, 0.008914073, 0.061993871, 0.012890616]
Validation F1 score     = 0.8365403154282188
Test F1 score           = 0.8488087285682475
CONV_ARCH               = [2, 4, 4]
IMG_PATCH_SIZE          = 16
IMG_BORDER              = 0
IMG_TOTAL_SIZE          = 16
VALIDATION_TRAIN_PERC   = 0.6
VALIDATION_VAL_PERC     = 0.3
VALIDATION_TEST_PERC    = 0.1
################################################################################
################################################################################

On Thu Dec 15 14:02:54 2016:
NUM_CHANNELS            = 3
PIXEL_DEPTH             = 255
NUM_LABELS              = 2
TRAINING_SIZE           = 100
SEED                    = 43212
EVAL_BATCH_SIZE         = 64
BATCH_SIZE              = 64
NUM_EPOCHS              = 100
ROTATE_IMAGES           = False
RESTORE_MODEL           = False
TRAIN_PREDICTIONS       = False
TEST_PREDICTIONS        = False
ENABLE_RECORDING        = False
RECORDING_STEP          = 1000
LEARNING_RATE           = 0.001
Last epoch              = 100
Validation F1 per epoch = [0.60348685437255267, 0.71013758757491352, 0.83327220714442896, 0.8369532428355958, 0.83063737790989456, 0.78281307987299498, 0.78749846191706652, 0.84477792936183105, 0.81874075803564483, 0.77685464921114467, 0.83146241988735681, 0.77682403433476388, 0.83274158690953992, 0.87052521084446377, 0.85995104220755125, 0.81451229183187945, 0.82237441114761889, 0.7721545481183808, 0.76016949152542379, 0.82276792719284475, 0.82604162644321733, 0.82316353043067469, 0.84343113436740802, 0.84133904538044502, 0.85834293573207443, 0.83602700096432014, 0.78562962357461075, 0.83342431568275754, 0.8285242248434318, 0.78766368865499936, 0.79898218829516532, 0.81750788643533112, 0.80271457085828335, 0.80704964990451944, 0.82152818699666075, 0.78280487304647439, 0.80808477237048659, 0.82851831771357753, 0.84375593271822902, 0.842611013100109, 0.81721618953603159, 0.80411216448657941, 0.80343733686704411, 0.81559114460668869, 0.8111676741966275, 0.85903277965603408, 0.81727287041410801, 0.80457753498943341, 0.82410196987253759, 0.79895309039661766, 0.84534608001806621, 0.82155249717337908, 0.83472985781990516, 0.779348544973545, 0.81140783401049266, 0.834010892076398, 0.82176870748299313, 0.82888298077293576, 0.80792598181312791, 0.813637428727642, 0.81768129620890362, 0.83539958039290485, 0.82209796818396608, 0.83410331793364123, 0.82941153742127427, 0.82437720351788002, 0.83122004020411322, 0.82995608290315126, 0.79875434765024667, 0.81546559024892173, 0.84215287200361832, 0.80256256256256264, 0.79887910328262612, 0.81721530949755872, 0.82475682459993716, 0.83723769553605498, 0.85467553114611938, 0.84682992788461531, 0.81496700778379239, 0.82433324275010689, 0.819740300498215, 0.82160077145612354, 0.83075029804253353, 0.80317931837340917, 0.79924196604975617, 0.80608577589649388, 0.79608206699181761, 0.82537453183520604, 0.84620586025544697, 0.86459950185900447, 0.8162929921352271, 0.80544358861795096, 0.79291806459436509, 0.80692080236553987, 0.81849071513235871, 0.82558139534883712, 0.81705262332980688, 0.8284069394536534, 0.82741879551496933, 0.81121599111604659]
Training F1 per epoch   = [0.59713090257023316, 0.68771367521367521, 0.75808656036446476, 0.78778289221327202, 0.79749851101846336, 0.79328952289362609, 0.78441083059697481, 0.82393511098159211, 0.82393876130828125, 0.80855049308578042, 0.83814768460575706, 0.82449327020269181, 0.83797770700636942, 0.85212204634090383, 0.86387384819986712, 0.86092920125818595, 0.87463316686402715, 0.85087671679061938, 0.86449081893968294, 0.8892498223530606, 0.88943902559786092, 0.90520965692503186, 0.90323195728858796, 0.91958742728650344, 0.92529727656309935, 0.93873085339168483, 0.91988621670545634, 0.9470205307961943, 0.9622333316834133, 0.93467388502191284, 0.94872185800680997, 0.96263229171891462, 0.96765769385295308, 0.97170047583270713, 0.96528195865944211, 0.96589233975499422, 0.96543160822489327, 0.97330615897002526, 0.97741030562527687, 0.96441574833729793, 0.97819095477386941, 0.97547985127122905, 0.97733654231849176, 0.98138191955396259, 0.97781116954670666, 0.96002311916000382, 0.97002205734910762, 0.98661855360096229, 0.97432599554786048, 0.97998093422306976, 0.9797217868338558, 0.98920988513748698, 0.98274583477530031, 0.97146635471237475, 0.9806490324516226, 0.9862239841427155, 0.98347640549794069, 0.9858359746434231, 0.98234382033711798, 0.98218980999156613, 0.98898469820066792, 0.97409987246149321, 0.98961972252719843, 0.98906319592220526, 0.98747338713670341, 0.99091856483549201, 0.98857880623696504, 0.98681601903251392, 0.99364714121354603, 0.98971028971028974, 0.9835629921259843, 0.99136683467238884, 0.98985253686578345, 0.99281723862729443, 0.99072041508680897, 0.99281146199990089, 0.95633897009649371, 0.98380985187736825, 0.99005745690731939, 0.99040803140996969, 0.98703759098614019, 0.96582555136101733, 0.9937468982630272, 0.9881692400240627, 0.99344770669734406, 0.99085137229415576, 0.98058545417966003, 0.99232914923291493, 0.98591688004727196, 0.94708894367532714, 0.98502562061588972, 0.99160755320211813, 0.99028542814221343, 0.98629040328229756, 0.99456548835817915, 0.99176015089844138, 0.99082751744765707, 0.99111442045172504, 0.9893754344156489, 0.98899559823929573]
Loss per recording step = [170.46692, 1.0427809, 0.93592256, 0.91700482, 0.81532001, 0.76143384, 0.83801305, 0.75380504, 0.74057591, 0.62508416, 0.68638384, 0.60928988, 0.53462791, 0.61003691, 0.56687313, 0.42777571, 0.37948436, 0.44544861, 0.39215675, 0.35034731, 0.3981339, 0.44416496, 0.37522534, 0.21301031, 0.24163833, 0.25443226, 0.24813288, 0.26143643, 0.16881314, 0.11817202, 0.23844509, 0.12163491, 0.11755601, 0.12948084, 0.08472982, 0.064807877, 0.17100151, 0.12798755, 0.06904906, 0.16475628, 0.21049941, 0.032117888, 0.12360679, 0.07485953, 0.048948124, 0.045033377, 0.24555653, 0.075974211, 0.019903015, 0.075463951, 0.042449895, 0.076912418, 0.10301675, 0.047821667, 0.068210036, 0.038880941, 0.021003252, 0.092787229, 0.053909834, 0.073653437, 0.067909472, 0.021194978, 0.07948827, 0.030227724, 0.024260523, 0.042682182, 0.016800873, 0.1009896, 0.034601338, 0.040844124, 0.0039380295, 0.0074052736, 0.0080205696, 0.015053453, 0.065778479, 0.04292722, 0.0082020806, 0.17906311, 0.046984434, 0.018666126, 0.0070475494, 0.082154386, 0.030917211, 0.0040216483, 0.014282211, 0.0086695105, 0.060517799, 0.055202659, 0.030769756, 0.0038012448, 0.16456965, 0.04521066, 0.0062402561, 0.012897481, 0.084041998, 0.0097468989, 0.01737657, 0.064886026, 0.1052242, 0.035338908]
Validation F1 score     = 0.8112159911160466
Test F1 score           = 0.8114392001860032
CONV_ARCH               = [2, 4, 6]
IMG_PATCH_SIZE          = 16
IMG_BORDER              = 0
IMG_TOTAL_SIZE          = 16
VALIDATION_TRAIN_PERC   = 0.6
VALIDATION_VAL_PERC     = 0.3
VALIDATION_TEST_PERC    = 0.1
################################################################################
################################################################################

On Thu Dec 15 14:18:56 2016:
NUM_CHANNELS            = 3
PIXEL_DEPTH             = 255
NUM_LABELS              = 2
TRAINING_SIZE           = 100
SEED                    = 43212
EVAL_BATCH_SIZE         = 64
BATCH_SIZE              = 64
NUM_EPOCHS              = 100
ROTATE_IMAGES           = False
RESTORE_MODEL           = False
TRAIN_PREDICTIONS       = False
TEST_PREDICTIONS        = False
ENABLE_RECORDING        = False
RECORDING_STEP          = 1000
LEARNING_RATE           = 0.001
Last epoch              = 100
Validation F1 per epoch = [0.63660358788529503, 0.72226964191358778, 0.71344496021220172, 0.77124082542366379, 0.72292662648098105, 0.72215422276621788, 0.7643209826984062, 0.77659868239378271, 0.66618208250045441, 0.73124706485078761, 0.82824065287530835, 0.81955816468407239, 0.77332563033879431, 0.87430071137509491, 0.8438735922256958, 0.77876971994619049, 0.8251315382234603, 0.78696883852691224, 0.74812158469945367, 0.80432172869147656, 0.83073967339097021, 0.82596191216478831, 0.79891260893899418, 0.85112213910080747, 0.84556056484965902, 0.7661186264308012, 0.79960278053624623, 0.8436501901140685, 0.8386829102704334, 0.8292512517952102, 0.79505890986179639, 0.82212858081725748, 0.80307110986051378, 0.8185776487663281, 0.815804030027657, 0.74896979480861547, 0.81483518642203279, 0.78622774056526712, 0.79148730739831841, 0.83550232254597101, 0.78320360507988529, 0.82948065957774697, 0.84423935244723514, 0.80972942994097385, 0.81275532463411726, 0.84476534296028882, 0.78812153578508726, 0.81842115603756527, 0.83260012135922323, 0.83866565579984853, 0.84605057059744893, 0.83727832603695196, 0.82453892448068344, 0.79239161292939131, 0.82487889943809323, 0.80895416321212843, 0.81737844045626196, 0.81989909656224347, 0.78065417488494404, 0.85057134485789621, 0.82518398643702084, 0.82495972999923306, 0.81395165734981501, 0.82972373153746071, 0.8333460686177121, 0.82352042180873419, 0.82327334913910377, 0.80580936041176243, 0.76132578281145902, 0.82689578458823987, 0.84318372406752462, 0.77452343941749158, 0.80605871330418499, 0.82740295748613668, 0.83964660827361315, 0.82293397210524288, 0.82189674393572443, 0.80549833623831402, 0.82033078483382749, 0.79977699904428168, 0.7371800287234942, 0.83790240018200446, 0.81695748916734989, 0.8216195273149941, 0.83133450462149572, 0.77740261879271999, 0.83417702101549329, 0.82079468682010759, 0.79045500505561173, 0.79807068741893639, 0.82177525821231656, 0.80840807617843446, 0.80576456069111035, 0.83374839634744558, 0.83347172944817693, 0.83121735483625003, 0.8448577273572625, 0.81076375148397317, 0.82131369889556294, 0.79059897501601539]
Training F1 per epoch   = [0.60475549573799914, 0.67297865945296065, 0.68857348554972753, 0.72607229818318031, 0.7172327568243384, 0.72668297351908961, 0.76142692288394964, 0.77849062147999415, 0.72648083623693371, 0.77757091227685904, 0.80554223799021962, 0.82515200949132439, 0.80459524445631847, 0.79478275599220805, 0.84111788028237111, 0.82723715105661366, 0.8513319113051242, 0.82718750000000008, 0.81811145510835903, 0.83767307294895643, 0.84916584887144264, 0.84090340027041921, 0.85101811112248027, 0.86227769696400913, 0.85166564863975946, 0.83345868700977765, 0.84883307062592162, 0.85799745023045992, 0.88395491704155182, 0.89172102358253891, 0.87034104107274823, 0.87993704195563427, 0.87231826702770265, 0.89919132050831296, 0.89066502715442164, 0.87647980971944428, 0.91040916696242968, 0.89713181129512565, 0.91673916380942633, 0.93654634339044984, 0.91907275173341618, 0.94119386799428195, 0.94648437500000004, 0.95195361734308059, 0.94725706513525765, 0.94020738443647656, 0.93372140522875824, 0.95029781270333846, 0.95743428795606123, 0.95949453886467162, 0.94594464962348324, 0.93344726098927178, 0.97140299398219521, 0.97482722090500928, 0.96835223614481702, 0.96617728115448209, 0.9766262184205291, 0.97678820482167761, 0.96639298281401398, 0.96881517047383492, 0.97508297419131129, 0.96261407123932885, 0.96766455095207149, 0.96873619631901842, 0.93801754128080739, 0.96560859539812582, 0.9734786286510424, 0.95520289272800307, 0.9188792108300976, 0.9544983978309094, 0.89012931435482368, 0.89756649688737977, 0.88338006000688596, 0.97855307372998623, 0.97954355005668647, 0.98296498634219009, 0.95978710821998814, 0.95861791884290881, 0.98781518874023977, 0.98903519751664748, 0.76800858829844332, 0.92673209600621909, 0.95651739803304869, 0.97546012269938653, 0.98218251813829527, 0.84387028737147385, 0.97831777547290966, 0.91232996078811068, 0.79391295315259169, 0.85846574765863415, 0.93847521232470865, 0.96837251265600721, 0.91800602071534254, 0.96023721563289899, 0.94423936273557418, 0.97960988552056216, 0.98461084615762817, 0.99222488038277512, 0.99343610144206862, 0.85569927243330635]
Loss per recording step = [2649.0049, 0.80747092, 0.79388952, 0.74879164, 0.63819134, 0.71292353, 0.67569596, 0.63659412, 0.68162721, 0.67565715, 0.68902212, 0.58427703, 0.5693115, 0.58576322, 0.62032163, 0.51584899, 0.45568094, 0.48122603, 0.4823074, 0.45627457, 0.51764095, 0.44914544, 0.56596082, 0.47488719, 0.40614492, 0.39069748, 0.47855929, 0.41056484, 0.47042957, 0.42300391, 0.36857724, 0.39970866, 0.357986, 0.36208659, 0.44782764, 0.34298202, 0.41298658, 0.23189697, 0.3469027, 0.27245411, 0.17717627, 0.20245065, 0.24161993, 0.12774912, 0.18760632, 0.15068731, 0.2272398, 0.21106198, 0.18146241, 0.10009347, 0.22444925, 0.15654019, 0.18474533, 0.077018462, 0.088579923, 0.095744386, 0.15531425, 0.035433572, 0.054918721, 0.13697119, 0.10077257, 0.05641678, 0.1874909, 0.11925996, 0.13233377, 0.24584228, 0.099765234, 0.089501359, 0.13016897, 0.18905874, 0.13457872, 0.21258233, 0.31761038, 0.31426266, 0.14110187, 0.060328774, 0.063206807, 0.20954855, 0.1081256, 0.095613517, 0.012347574, 0.43676302, 0.16332909, 0.12361041, 0.085085906, 0.015374998, 0.4258571, 0.044662979, 0.28627658, 0.43742263, 0.40779153, 0.1686051, 0.19838442, 0.17221288, 0.075026356, 0.099970333, 0.091140613, 0.066144891, 0.041753784, 0.014411335]
Validation F1 score     = 0.7905989750160154
Test F1 score           = 0.8051052086926527
CONV_ARCH               = [2, 4, 4, 6]
IMG_PATCH_SIZE          = 16
IMG_BORDER              = 0
IMG_TOTAL_SIZE          = 16
VALIDATION_TRAIN_PERC   = 0.6
VALIDATION_VAL_PERC     = 0.3
VALIDATION_TEST_PERC    = 0.1
################################################################################
################################################################################

